Date,County,Vehicle Primary Use,BEV Registered,PHEV Registerd,EV Total,Non-EV Total,Total Vehicles,Percent EV
1/31/2017,Adams,Truck,0,0,0,5077,5077,0
1/31/2017,Adams,Passenger,1,1,2,12175,12177,0.02
2/28/2017,Adams,Passenger,2,2,4,12126,12130,0.03
2/28/2017,Adams,Truck,0,0,0,5071,5071,0
3/31/2017,Adams,Truck,0,0,0,5070,5070,0
3/31/2017,Adams,Passenger,2,4,6,12107,12113,0.05
4/30/2017,Adams,Truck,0,0,0,5072,5072,0
4/30/2017,Adams,Passenger,2,3,5,12128,12133,0.04
5/31/2017,Adams,Truck,0,0,0,5079,5079,0
5/31/2017,Adams,Passenger,2,3,5,12197,12202,0.04
6/30/2017,Adams,Passenger,2,3,5,12204,12209,0.04
6/30/2017,Adams,Truck,0,0,0,5106,5106,0
7/31/2017,Adams,Passenger,3,3,6,12184,12190,0.05
7/31/2017,Adams,Truck,0,0,0,5123,5123,0
8/31/2017,Adams,Truck,0,0,0,5097,5097,0
8/31/2017,Adams,Passenger,3,3,6,12183,12189,0.05
9/30/2017,Adams,Passenger,3,3,6,12263,12269,0.05
9/30/2017,Adams,Truck,0,0,0,5123,5123,0
10/31/2017,Adams,Passenger,3,3,6,12283,12289,0.05
10/31/2017,Adams,Truck,0,0,0,5135,5135,0
11/30/2017,Adams,Truck,0,0,0,5141,5141,0
11/30/2017,Adams,Passenger,3,5,8,12358,12366,0.06
12/31/2017,Adams,Passenger,4,5,9,12408,12417,0.07
12/31/2017,Adams,Truck,0,0,0,5128,5128,0
1/31/2018,Adams,Passenger,4,4,8,12443,12451,0.06
1/31/2018,Adams,Truck,0,0,0,5148,5148,0
2/28/2018,Adams,Passenger,5,4,9,12459,12468,0.07
2/28/2018,Adams,Truck,0,0,0,5139,5139,0
3/31/2018,Adams,Passenger,5,4,9,12471,12480,0.07
3/31/2018,Adams,Truck,0,0,0,5152,5152,0
4/30/2018,Adams,Truck,0,0,0,5150,5150,0
4/30/2018,Adams,Passenger,5,4,9,12524,12533,0.07
5/31/2018,Adams,Truck,0,0,0,5158,5158,0
5/31/2018,Adams,Passenger,5,5,10,12598,12608,0.08
6/30/2018,Adams,Passenger,5,5,10,12617,12627,0.08
6/30/2018,Adams,Truck,0,0,0,5165,5165,0
7/31/2018,Adams,Passenger,5,5,10,12642,12652,0.08
7/31/2018,Adams,Truck,0,0,0,5161,5161,0
8/31/2018,Adams,Truck,0,0,0,5174,5174,0
8/31/2018,Adams,Passenger,5,5,10,12683,12693,0.08
9/30/2018,Adams,Truck,0,0,0,5159,5159,0
9/30/2018,Adams,Passenger,5,5,10,12683,12693,0.08
10/31/2018,Adams,Passenger,5,5,10,12721,12731,0.08
10/31/2018,Adams,Truck,0,0,0,5152,5152,0
11/30/2018,Adams,Passenger,5,5,10,12750,12760,0.08
11/30/2018,Adams,Truck,0,0,0,5161,5161,0
12/31/2018,Adams,Passenger,5,6,11,12745,12756,0.09
12/31/2018,Adams,Truck,0,0,0,5151,5151,0
1/31/2019,Adams,Passenger,5,6,11,12743,12754,0.09
1/31/2019,Adams,Truck,0,0,0,5144,5144,0
2/28/2019,Adams,Passenger,4,6,10,12671,12681,0.08
2/28/2019,Adams,Truck,0,0,0,5111,5111,0
3/31/2019,Adams,Truck,0,0,0,5107,5107,0
3/31/2019,Adams,Passenger,4,6,10,12632,12642,0.08
4/30/2019,Adams,Truck,0,0,0,5106,5106,0
4/30/2019,Adams,Passenger,5,6,11,12657,12668,0.09
5/31/2019,Adams,Truck,0,0,0,5129,5129,0
5/31/2019,Adams,Passenger,5,6,11,12714,12725,0.09
6/30/2019,Adams,Truck,0,0,0,5130,5130,0
6/30/2019,Adams,Passenger,5,6,11,12757,12768,0.09
7/31/2019,Adams,Passenger,5,6,11,12835,12846,0.09
7/31/2019,Adams,Truck,0,0,0,5134,5134,0
8/31/2019,Adams,Passenger,5,5,10,12843,12853,0.08
8/31/2019,Adams,Truck,0,0,0,5140,5140,0
9/30/2019,Adams,Truck,0,0,0,5140,5140,0
9/30/2019,Adams,Passenger,5,5,10,12887,12897,0.08
10/31/2019,Adams,Truck,0,0,0,5155,5155,0
10/31/2019,Adams,Passenger,6,6,12,12912,12924,0.09
11/30/2019,Adams,Passenger,6,7,13,12928,12941,0.1
11/30/2019,Adams,Truck,0,0,0,5185,5185,0
12/31/2019,Adams,Passenger,6,7,13,12936,12949,0.1
12/31/2019,Adams,Truck,0,0,0,5198,5198,0
1/31/2020,Adams,Truck,0,0,0,5211,5211,0
1/31/2020,Adams,Passenger,7,7,14,12913,12927,0.11
2/29/2020,Adams,Passenger,7,7,14,12913,12927,0.11
2/29/2020,Adams,Truck,0,0,0,5221,5221,0
3/31/2020,Adams,Truck,0,0,0,5219,5219,0
3/31/2020,Adams,Passenger,7,7,14,12891,12905,0.11
4/30/2020,Adams,Truck,0,0,0,5206,5206,0
4/30/2020,Adams,Passenger,7,7,14,12756,12770,0.11
5/31/2020,Adams,Passenger,8,7,15,12719,12734,0.12
5/31/2020,Adams,Truck,0,0,0,5217,5217,0
6/30/2020,Adams,Passenger,9,7,16,12786,12802,0.12
6/30/2020,Adams,Truck,0,0,0,5263,5263,0
7/31/2020,Adams,Passenger,9,7,16,12866,12882,0.12
7/31/2020,Adams,Truck,0,0,0,5283,5283,0
8/31/2020,Adams,Passenger,9,7,16,12869,12885,0.12
8/31/2020,Adams,Truck,0,0,0,5303,5303,0
9/30/2020,Adams,Passenger,8,7,15,12920,12935,0.12
9/30/2020,Adams,Truck,0,0,0,5309,5309,0
10/31/2020,Adams,Passenger,8,7,15,12938,12953,0.12
10/31/2020,Adams,Truck,0,0,0,5335,5335,0
11/30/2020,Adams,Truck,0,0,0,5325,5325,0
11/30/2020,Adams,Passenger,10,6,16,12944,12960,0.12
12/31/2020,Adams,Truck,0,0,0,5337,5337,0
12/31/2020,Adams,Passenger,10,7,17,12962,12979,0.13
1/31/2021,Adams,Passenger,10,6,16,12973,12989,0.12
1/31/2021,Adams,Truck,0,0,0,5347,5347,0
2/28/2021,Adams,Truck,0,0,0,5344,5344,0
2/28/2021,Adams,Passenger,10,6,16,12977,12993,0.12
3/31/2021,Adams,Passenger,10,7,17,12999,13016,0.13
3/31/2021,Adams,Truck,0,0,0,5375,5375,0
4/30/2021,Adams,Truck,0,0,0,5406,5406,0
4/30/2021,Adams,Passenger,11,9,20,13056,13076,0.15
5/31/2021,Adams,Passenger,11,9,20,13045,13065,0.15
5/31/2021,Adams,Truck,0,0,0,5374,5374,0
6/30/2021,Adams,Truck,0,0,0,5386,5386,0
6/30/2021,Adams,Passenger,16,11,27,13037,13064,0.21
7/31/2021,Adams,Passenger,16,12,28,13040,13068,0.21
7/31/2021,Adams,Truck,0,0,0,5392,5392,0
8/31/2021,Adams,Truck,0,0,0,5413,5413,0
8/31/2021,Adams,Passenger,16,14,30,13043,13073,0.23
9/30/2021,Adams,Passenger,16,14,30,13047,13077,0.23
9/30/2021,Adams,Truck,0,0,0,5403,5403,0
10/31/2021,Adams,Passenger,16,14,30,13036,13066,0.23
10/31/2021,Adams,Truck,0,0,0,5409,5409,0
11/30/2021,Adams,Truck,0,0,0,5421,5421,0
11/30/2021,Adams,Passenger,16,14,30,13046,13076,0.23
12/31/2021,Adams,Passenger,17,14,31,13086,13117,0.24
12/31/2021,Adams,Truck,0,0,0,5419,5419,0
1/31/2022,Adams,Passenger,17,14,31,13045,13076,0.24
1/31/2022,Adams,Truck,0,0,0,5434,5434,0
2/28/2022,Adams,Passenger,17,14,31,13024,13055,0.24
2/28/2022,Adams,Truck,0,0,0,5459,5459,0
3/31/2022,Adams,Passenger,16,11,27,12986,13013,0.21
3/31/2022,Adams,Truck,0,0,0,5488,5488,0
4/30/2022,Adams,Passenger,16,10,26,12990,13016,0.2
4/30/2022,Adams,Truck,0,0,0,5481,5481,0
5/31/2022,Adams,Passenger,16,10,26,12963,12989,0.2
5/31/2022,Adams,Truck,0,0,0,5475,5475,0
6/30/2022,Adams,Truck,1,0,1,5469,5470,0.02
6/30/2022,Adams,Passenger,17,10,27,12943,12970,0.21
7/31/2022,Adams,Truck,1,0,1,5460,5461,0.02
7/31/2022,Adams,Passenger,19,10,29,12951,12980,0.22
8/31/2022,Adams,Passenger,21,9,30,12984,13014,0.23
8/31/2022,Adams,Truck,1,0,1,5435,5436,0.02
9/30/2022,Adams,Passenger,22,10,32,13025,13057,0.25
9/30/2022,Adams,Truck,1,0,1,5426,5427,0.02
10/31/2022,Adams,Passenger,22,12,34,13047,13081,0.26
10/31/2022,Adams,Truck,1,0,1,5429,5430,0.02
11/30/2022,Adams,Truck,1,0,1,5387,5388,0.02
11/30/2022,Adams,Passenger,22,11,33,13018,13051,0.25
12/31/2022,Adams,Truck,1,0,1,5375,5376,0.02
12/31/2022,Adams,Passenger,23,11,34,12998,13032,0.26
1/31/2023,Adams,Passenger,22,11,33,12983,13016,0.25
1/31/2023,Adams,Truck,1,0,1,5361,5362,0.02
2/28/2023,Adams,Passenger,21,11,32,12964,12996,0.25
2/28/2023,Adams,Truck,2,0,2,5337,5339,0.04
3/31/2023,Adams,Passenger,22,11,33,12935,12968,0.25
3/31/2023,Adams,Truck,2,0,2,5284,5286,0.04
4/30/2023,Adams,Passenger,23,12,35,12847,12882,0.27
4/30/2023,Adams,Truck,2,0,2,5220,5222,0.04
5/31/2023,Adams,Truck,2,0,2,5131,5133,0.04
5/31/2023,Adams,Passenger,24,12,36,12668,12704,0.28
1/31/2017,Asotin,Truck,0,0,0,6487,6487,0
1/31/2017,Asotin,Passenger,4,3,7,12319,12326,0.06
2/28/2017,Asotin,Passenger,4,3,7,12324,12331,0.06
2/28/2017,Asotin,Truck,0,0,0,6475,6475,0
3/31/2017,Asotin,Truck,0,0,0,6511,6511,0
3/31/2017,Asotin,Passenger,5,2,7,12335,12342,0.06
4/30/2017,Asotin,Truck,0,0,0,6504,6504,0
4/30/2017,Asotin,Passenger,6,2,8,12343,12351,0.06
5/31/2017,Asotin,Truck,0,0,0,6491,6491,0
5/31/2017,Asotin,Passenger,6,3,9,12376,12385,0.07
6/30/2017,Asotin,Passenger,6,3,9,12427,12436,0.07
6/30/2017,Asotin,Truck,0,0,0,6502,6502,0
7/31/2017,Asotin,Truck,0,0,0,6532,6532,0
7/31/2017,Asotin,Passenger,8,4,12,12439,12451,0.1
8/31/2017,Asotin,Passenger,8,5,13,12444,12457,0.1
8/31/2017,Asotin,Truck,0,0,0,6514,6514,0
9/30/2017,Asotin,Passenger,7,5,12,12463,12475,0.1
9/30/2017,Asotin,Truck,0,0,0,6506,6506,0
10/31/2017,Asotin,Passenger,7,5,12,12479,12491,0.1
10/31/2017,Asotin,Truck,0,0,0,6523,6523,0
11/30/2017,Asotin,Truck,0,0,0,6551,6551,0
11/30/2017,Asotin,Passenger,7,5,12,12514,12526,0.1
12/31/2017,Asotin,Truck,0,0,0,6542,6542,0
12/31/2017,Asotin,Passenger,8,5,13,12519,12532,0.1
1/31/2018,Asotin,Truck,0,0,0,6558,6558,0
1/31/2018,Asotin,Passenger,8,5,13,12548,12561,0.1
2/28/2018,Asotin,Passenger,8,5,13,12588,12601,0.1
2/28/2018,Asotin,Truck,0,0,0,6579,6579,0
3/31/2018,Asotin,Passenger,8,5,13,12627,12640,0.1
3/31/2018,Asotin,Truck,0,0,0,6592,6592,0
4/30/2018,Asotin,Passenger,8,6,14,12640,12654,0.11
4/30/2018,Asotin,Truck,0,0,0,6593,6593,0
5/31/2018,Asotin,Truck,0,0,0,6630,6630,0
5/31/2018,Asotin,Passenger,8,6,14,12602,12616,0.11
6/30/2018,Asotin,Truck,0,0,0,6615,6615,0
6/30/2018,Asotin,Passenger,9,6,15,12603,12618,0.12
7/31/2018,Asotin,Passenger,11,8,19,12638,12657,0.15
7/31/2018,Asotin,Truck,0,0,0,6627,6627,0
8/31/2018,Asotin,Truck,0,0,0,6647,6647,0
8/31/2018,Asotin,Passenger,11,8,19,12664,12683,0.15
9/30/2018,Asotin,Passenger,11,8,19,12679,12698,0.15
9/30/2018,Asotin,Truck,0,0,0,6629,6629,0
10/31/2018,Asotin,Truck,0,0,0,6634,6634,0
10/31/2018,Asotin,Passenger,12,9,21,12715,12736,0.16
11/30/2018,Asotin,Truck,0,0,0,6618,6618,0
11/30/2018,Asotin,Passenger,12,9,21,12728,12749,0.16
12/31/2018,Asotin,Passenger,12,9,21,12726,12747,0.16
12/31/2018,Asotin,Truck,0,0,0,6633,6633,0
1/31/2019,Asotin,Passenger,12,9,21,12731,12752,0.16
1/31/2019,Asotin,Truck,0,0,0,6643,6643,0
2/28/2019,Asotin,Passenger,12,9,21,12684,12705,0.17
2/28/2019,Asotin,Truck,0,0,0,6642,6642,0
3/31/2019,Asotin,Passenger,12,9,21,12662,12683,0.17
3/31/2019,Asotin,Truck,0,0,0,6630,6630,0
4/30/2019,Asotin,Passenger,12,8,20,12661,12681,0.16
4/30/2019,Asotin,Truck,0,0,0,6627,6627,0
5/31/2019,Asotin,Truck,0,0,0,6650,6650,0
5/31/2019,Asotin,Passenger,12,8,20,12677,12697,0.16
6/30/2019,Asotin,Passenger,12,8,20,12642,12662,0.16
6/30/2019,Asotin,Truck,0,0,0,6665,6665,0
7/31/2019,Asotin,Passenger,12,8,20,12659,12679,0.16
7/31/2019,Asotin,Truck,0,0,0,6658,6658,0
8/31/2019,Asotin,Truck,0,0,0,6682,6682,0
8/31/2019,Asotin,Passenger,12,7,19,12643,12662,0.15
9/30/2019,Asotin,Passenger,12,8,20,12632,12652,0.16
9/30/2019,Asotin,Truck,0,0,0,6680,6680,0
10/31/2019,Asotin,Truck,0,0,0,6691,6691,0
10/31/2019,Asotin,Passenger,12,8,20,12645,12665,0.16
11/30/2019,Asotin,Truck,0,0,0,6691,6691,0
11/30/2019,Asotin,Passenger,13,8,21,12656,12677,0.17
12/31/2019,Asotin,Passenger,14,9,23,12680,12703,0.18
12/31/2019,Asotin,Truck,0,0,0,6706,6706,0
1/31/2020,Asotin,Truck,0,0,0,6717,6717,0
1/31/2020,Asotin,Passenger,17,11,28,12724,12752,0.22
2/29/2020,Asotin,Passenger,16,11,27,12672,12699,0.21
2/29/2020,Asotin,Truck,0,0,0,6692,6692,0
3/31/2020,Asotin,Truck,0,0,0,6664,6664,0
3/31/2020,Asotin,Passenger,16,12,28,12597,12625,0.22
4/30/2020,Asotin,Passenger,16,12,28,12445,12473,0.22
4/30/2020,Asotin,Truck,0,0,0,6614,6614,0
5/31/2020,Asotin,Truck,0,0,0,6584,6584,0
5/31/2020,Asotin,Passenger,16,12,28,12339,12367,0.23
6/30/2020,Asotin,Passenger,16,12,28,12322,12350,0.23
6/30/2020,Asotin,Truck,0,0,0,6636,6636,0
7/31/2020,Asotin,Truck,0,0,0,6651,6651,0
7/31/2020,Asotin,Passenger,16,12,28,12379,12407,0.23
8/31/2020,Asotin,Truck,0,0,0,6664,6664,0
8/31/2020,Asotin,Passenger,17,14,31,12357,12388,0.25
9/30/2020,Asotin,Truck,0,0,0,6690,6690,0
9/30/2020,Asotin,Passenger,17,14,31,12399,12430,0.25
10/31/2020,Asotin,Truck,0,0,0,6682,6682,0
10/31/2020,Asotin,Passenger,17,14,31,12403,12434,0.25
11/30/2020,Asotin,Truck,0,0,0,6662,6662,0
11/30/2020,Asotin,Passenger,17,14,31,12413,12444,0.25
12/31/2020,Asotin,Passenger,16,13,29,12415,12444,0.23
12/31/2020,Asotin,Truck,0,0,0,6671,6671,0
1/31/2021,Asotin,Passenger,16,13,29,12443,12472,0.23
1/31/2021,Asotin,Truck,0,0,0,6686,6686,0
2/28/2021,Asotin,Truck,0,0,0,6692,6692,0
2/28/2021,Asotin,Passenger,17,14,31,12489,12520,0.25
3/31/2021,Asotin,Passenger,17,14,31,12572,12603,0.25
3/31/2021,Asotin,Truck,0,0,0,6721,6721,0
4/30/2021,Asotin,Passenger,19,14,33,12662,12695,0.26
4/30/2021,Asotin,Truck,0,0,0,6765,6765,0
5/31/2021,Asotin,Truck,0,0,0,6779,6779,0
5/31/2021,Asotin,Passenger,19,14,33,12703,12736,0.26
6/30/2021,Asotin,Passenger,20,17,37,12733,12770,0.29
6/30/2021,Asotin,Truck,0,0,0,6789,6789,0
7/31/2021,Asotin,Truck,0,0,0,6764,6764,0
7/31/2021,Asotin,Passenger,21,17,38,12713,12751,0.3
8/31/2021,Asotin,Truck,0,0,0,6753,6753,0
8/31/2021,Asotin,Passenger,21,17,38,12732,12770,0.3
9/30/2021,Asotin,Truck,0,0,0,6753,6753,0
9/30/2021,Asotin,Passenger,20,17,37,12740,12777,0.29
10/31/2021,Asotin,Truck,0,0,0,6746,6746,0
10/31/2021,Asotin,Passenger,21,17,38,12772,12810,0.3
11/30/2021,Asotin,Passenger,21,17,38,12755,12793,0.3
11/30/2021,Asotin,Truck,0,0,0,6758,6758,0
12/31/2021,Asotin,Passenger,22,17,39,12720,12759,0.31
12/31/2021,Asotin,Truck,0,0,0,6753,6753,0
1/31/2022,Asotin,Passenger,23,17,40,12670,12710,0.31
1/31/2022,Asotin,Truck,0,0,0,6735,6735,0
2/28/2022,Asotin,Passenger,22,18,40,12641,12681,0.32
2/28/2022,Asotin,Truck,0,0,0,6740,6740,0
3/31/2022,Asotin,Truck,0,0,0,6756,6756,0
3/31/2022,Asotin,Passenger,22,18,40,12658,12698,0.32
4/30/2022,Asotin,Passenger,24,19,43,12708,12751,0.34
4/30/2022,Asotin,Truck,0,0,0,6748,6748,0
5/31/2022,Asotin,Passenger,23,19,42,12731,12773,0.33
5/31/2022,Asotin,Truck,0,0,0,6708,6708,0
6/30/2022,Asotin,Truck,0,0,0,6719,6719,0
6/30/2022,Asotin,Passenger,23,19,42,12742,12784,0.33
7/31/2022,Asotin,Truck,0,0,0,6690,6690,0
7/31/2022,Asotin,Passenger,24,19,43,12658,12701,0.34
8/31/2022,Asotin,Truck,0,0,0,6697,6697,0
8/31/2022,Asotin,Passenger,24,18,42,12624,12666,0.33
9/30/2022,Asotin,Truck,0,0,0,6711,6711,0
9/30/2022,Asotin,Passenger,25,19,44,12621,12665,0.35
10/31/2022,Asotin,Truck,0,0,0,6689,6689,0
10/31/2022,Asotin,Passenger,26,19,45,12568,12613,0.36
11/30/2022,Asotin,Truck,0,0,0,6689,6689,0
11/30/2022,Asotin,Passenger,29,20,49,12517,12566,0.39
12/31/2022,Asotin,Passenger,29,20,49,12477,12526,0.39
12/31/2022,Asotin,Truck,0,0,0,6679,6679,0
1/31/2023,Asotin,Truck,0,0,0,6669,6669,0
1/31/2023,Asotin,Passenger,30,20,50,12470,12520,0.4
2/28/2023,Asotin,Truck,0,0,0,6646,6646,0
2/28/2023,Asotin,Passenger,30,20,50,12442,12492,0.4
3/31/2023,Asotin,Passenger,31,21,52,12369,12421,0.42
3/31/2023,Asotin,Truck,0,0,0,6612,6612,0
4/30/2023,Asotin,Passenger,33,21,54,12257,12311,0.44
4/30/2023,Asotin,Truck,0,0,0,6559,6559,0
5/31/2023,Asotin,Passenger,34,20,54,12192,12246,0.44
5/31/2023,Asotin,Truck,0,0,0,6502,6502,0
1/31/2017,Benton,Passenger,129,129,258,127865,128123,0.2
1/31/2017,Benton,Truck,0,0,0,39813,39813,0
2/28/2017,Benton,Passenger,134,133,267,127657,127924,0.21
2/28/2017,Benton,Truck,0,0,0,39743,39743,0
3/31/2017,Benton,Passenger,140,139,279,127946,128225,0.22
3/31/2017,Benton,Truck,0,0,0,39849,39849,0
4/30/2017,Benton,Truck,0,0,0,39892,39892,0
4/30/2017,Benton,Passenger,143,140,283,128092,128375,0.22
5/31/2017,Benton,Passenger,146,142,288,128298,128586,0.22
5/31/2017,Benton,Truck,0,0,0,39974,39974,0
6/30/2017,Benton,Passenger,148,143,291,128522,128813,0.23
6/30/2017,Benton,Truck,0,0,0,40055,40055,0
7/31/2017,Benton,Truck,0,0,0,40130,40130,0
7/31/2017,Benton,Passenger,155,148,303,128677,128980,0.23
8/31/2017,Benton,Truck,0,0,0,40166,40166,0
8/31/2017,Benton,Passenger,161,147,308,129050,129358,0.24
9/30/2017,Benton,Truck,0,0,0,40275,40275,0
9/30/2017,Benton,Passenger,163,150,313,129270,129583,0.24
10/31/2017,Benton,Truck,0,0,0,40390,40390,0
10/31/2017,Benton,Passenger,164,155,319,129415,129734,0.25
11/30/2017,Benton,Passenger,165,160,325,129889,130214,0.25
11/30/2017,Benton,Truck,0,0,0,40499,40499,0
12/31/2017,Benton,Passenger,172,168,340,130235,130575,0.26
12/31/2017,Benton,Truck,0,0,0,40575,40575,0
1/31/2018,Benton,Passenger,175,179,354,130629,130983,0.27
1/31/2018,Benton,Truck,0,0,0,40710,40710,0
2/28/2018,Benton,Passenger,175,179,354,130461,130815,0.27
2/28/2018,Benton,Truck,0,0,0,40754,40754,0
3/31/2018,Benton,Truck,0,0,0,40796,40796,0
3/31/2018,Benton,Passenger,176,187,363,130792,131155,0.28
4/30/2018,Benton,Truck,0,0,0,40854,40854,0
4/30/2018,Benton,Passenger,178,188,366,130952,131318,0.28
5/31/2018,Benton,Truck,0,0,0,40985,40985,0
5/31/2018,Benton,Passenger,188,195,383,131308,131691,0.29
6/30/2018,Benton,Passenger,192,199,391,131482,131873,0.3
6/30/2018,Benton,Truck,0,0,0,41025,41025,0
7/31/2018,Benton,Passenger,193,197,390,131741,132131,0.3
7/31/2018,Benton,Truck,0,0,0,41092,41092,0
8/31/2018,Benton,Passenger,189,198,387,132217,132604,0.29
8/31/2018,Benton,Truck,0,0,0,41231,41231,0
9/30/2018,Benton,Truck,0,0,0,41347,41347,0
9/30/2018,Benton,Passenger,188,209,397,132442,132839,0.3
10/31/2018,Benton,Truck,0,0,0,41427,41427,0
10/31/2018,Benton,Passenger,192,217,409,132585,132994,0.31
11/30/2018,Benton,Passenger,210,224,434,132801,133235,0.33
11/30/2018,Benton,Truck,0,0,0,41441,41441,0
12/31/2018,Benton,Truck,0,0,0,41560,41560,0
12/31/2018,Benton,Passenger,227,235,462,132940,133402,0.35
1/31/2019,Benton,Passenger,232,243,475,133234,133709,0.36
1/31/2019,Benton,Truck,0,0,0,41618,41618,0
2/28/2019,Benton,Passenger,233,245,478,133009,133487,0.36
2/28/2019,Benton,Truck,0,0,0,41548,41548,0
3/31/2019,Benton,Truck,0,0,0,41533,41533,0
3/31/2019,Benton,Passenger,236,251,487,133003,133490,0.36
4/30/2019,Benton,Truck,0,0,0,41656,41656,0
4/30/2019,Benton,Passenger,248,263,511,133320,133831,0.38
5/31/2019,Benton,Passenger,253,272,525,133648,134173,0.39
5/31/2019,Benton,Truck,0,0,0,41851,41851,0
6/30/2019,Benton,Truck,0,0,0,41915,41915,0
6/30/2019,Benton,Passenger,259,279,538,133812,134350,0.4
7/31/2019,Benton,Passenger,270,289,559,134182,134741,0.41
7/31/2019,Benton,Truck,0,0,0,42074,42074,0
8/31/2019,Benton,Truck,0,0,0,42180,42180,0
8/31/2019,Benton,Passenger,280,291,571,134361,134932,0.42
9/30/2019,Benton,Truck,0,0,0,42232,42232,0
9/30/2019,Benton,Passenger,291,297,588,134633,135221,0.43
10/31/2019,Benton,Truck,0,0,0,42374,42374,0
10/31/2019,Benton,Passenger,307,302,609,134958,135567,0.45
11/30/2019,Benton,Passenger,310,309,619,135123,135742,0.46
11/30/2019,Benton,Truck,0,0,0,42416,42416,0
12/31/2019,Benton,Passenger,315,309,624,135257,135881,0.46
12/31/2019,Benton,Truck,0,0,0,42488,42488,0
1/31/2020,Benton,Passenger,337,316,653,135340,135993,0.48
1/31/2020,Benton,Truck,0,0,0,42556,42556,0
2/29/2020,Benton,Truck,0,0,0,42573,42573,0
2/29/2020,Benton,Passenger,338,320,658,135332,135990,0.48
3/31/2020,Benton,Passenger,344,319,663,135184,135847,0.49
3/31/2020,Benton,Truck,0,0,0,42519,42519,0
4/30/2020,Benton,Passenger,348,321,669,134575,135244,0.49
4/30/2020,Benton,Truck,0,0,0,42485,42485,0
5/31/2020,Benton,Passenger,354,321,675,134184,134859,0.5
5/31/2020,Benton,Truck,0,0,0,42474,42474,0
6/30/2020,Benton,Truck,0,0,0,42703,42703,0
6/30/2020,Benton,Passenger,359,321,680,134245,134925,0.5
7/31/2020,Benton,Truck,0,0,0,42882,42882,0
7/31/2020,Benton,Passenger,373,321,694,134322,135016,0.51
8/31/2020,Benton,Truck,0,0,0,43024,43024,0
8/31/2020,Benton,Passenger,380,322,702,134338,135040,0.52
9/30/2020,Benton,Truck,0,0,0,43089,43089,0
9/30/2020,Benton,Passenger,394,329,723,134400,135123,0.54
10/31/2020,Benton,Passenger,403,340,743,134700,135443,0.55
10/31/2020,Benton,Truck,0,0,0,43070,43070,0
11/30/2020,Benton,Passenger,426,348,774,134808,135582,0.57
11/30/2020,Benton,Truck,0,0,0,43111,43111,0
12/31/2020,Benton,Passenger,440,355,795,135008,135803,0.59
12/31/2020,Benton,Truck,0,0,0,43209,43209,0
1/31/2021,Benton,Passenger,453,358,811,135175,135986,0.6
1/31/2021,Benton,Truck,0,0,0,43333,43333,0
2/28/2021,Benton,Truck,0,0,0,43384,43384,0
2/28/2021,Benton,Passenger,460,362,822,135103,135925,0.6
3/31/2021,Benton,Passenger,466,369,835,135520,136355,0.61
3/31/2021,Benton,Truck,0,0,0,43538,43538,0
4/30/2021,Benton,Truck,0,0,0,43690,43690,0
4/30/2021,Benton,Passenger,496,377,873,136119,136992,0.64
5/31/2021,Benton,Passenger,504,385,889,136124,137013,0.65
5/31/2021,Benton,Truck,0,0,0,43673,43673,0
6/30/2021,Benton,Truck,0,0,0,43635,43635,0
6/30/2021,Benton,Passenger,518,394,912,136424,137336,0.66
7/31/2021,Benton,Truck,0,0,0,43657,43657,0
7/31/2021,Benton,Passenger,540,397,937,136304,137241,0.68
8/31/2021,Benton,Passenger,567,410,977,136230,137207,0.71
8/31/2021,Benton,Truck,0,0,0,43612,43612,0
9/30/2021,Benton,Truck,0,0,0,43680,43680,0
9/30/2021,Benton,Passenger,581,415,996,136294,137290,0.73
10/31/2021,Benton,Truck,0,0,0,43714,43714,0
10/31/2021,Benton,Passenger,595,426,1021,136032,137053,0.74
11/30/2021,Benton,Passenger,626,435,1061,136032,137093,0.77
11/30/2021,Benton,Truck,0,0,0,43657,43657,0
12/31/2021,Benton,Passenger,640,445,1085,136134,137219,0.79
12/31/2021,Benton,Truck,0,0,0,43713,43713,0
1/31/2022,Benton,Passenger,655,453,1108,135981,137089,0.81
1/31/2022,Benton,Truck,0,0,0,43609,43609,0
2/28/2022,Benton,Passenger,665,451,1116,135870,136986,0.81
2/28/2022,Benton,Truck,0,0,0,43651,43651,0
3/31/2022,Benton,Truck,1,0,1,43621,43622,0
3/31/2022,Benton,Passenger,699,444,1143,135790,136933,0.83
4/30/2022,Benton,Passenger,716,446,1162,135526,136688,0.85
4/30/2022,Benton,Truck,1,0,1,43595,43596,0
5/31/2022,Benton,Truck,2,0,2,43557,43559,0
5/31/2022,Benton,Passenger,730,455,1185,135302,136487,0.87
6/30/2022,Benton,Passenger,752,461,1213,135402,136615,0.89
6/30/2022,Benton,Truck,3,0,3,43590,43593,0.01
7/31/2022,Benton,Passenger,781,462,1243,135380,136623,0.91
7/31/2022,Benton,Truck,3,0,3,43505,43508,0.01
8/31/2022,Benton,Passenger,816,471,1287,135434,136721,0.94
8/31/2022,Benton,Truck,5,0,5,43443,43448,0.01
9/30/2022,Benton,Passenger,833,480,1313,135646,136959,0.96
9/30/2022,Benton,Truck,5,0,5,43412,43417,0.01
10/31/2022,Benton,Passenger,867,485,1352,135738,137090,0.99
10/31/2022,Benton,Truck,7,0,7,43347,43354,0.02
11/30/2022,Benton,Passenger,914,491,1405,135781,137186,1.02
11/30/2022,Benton,Truck,7,0,7,43389,43396,0.02
12/31/2022,Benton,Passenger,931,500,1431,135591,137022,1.04
12/31/2022,Benton,Truck,10,0,10,43279,43289,0.02
1/31/2023,Benton,Truck,13,0,13,43202,43215,0.03
1/31/2023,Benton,Passenger,958,513,1471,135602,137073,1.07
2/28/2023,Benton,Passenger,987,518,1505,135244,136749,1.1
2/28/2023,Benton,Truck,16,0,16,43138,43154,0.04
3/31/2023,Benton,Passenger,1037,530,1567,134637,136204,1.15
3/31/2023,Benton,Truck,17,0,17,42977,42994,0.04
4/30/2023,Benton,Passenger,1085,546,1631,133769,135400,1.2
4/30/2023,Benton,Truck,20,0,20,42634,42654,0.05
5/31/2023,Benton,Passenger,1107,552,1659,132042,133701,1.24
5/31/2023,Benton,Truck,23,0,23,41907,41930,0.05
1/31/2017,Chelan,Truck,0,0,0,21262,21262,0
1/31/2017,Chelan,Passenger,54,28,82,51899,51981,0.16
2/28/2017,Chelan,Passenger,55,29,84,51756,51840,0.16
2/28/2017,Chelan,Truck,0,0,0,21250,21250,0
3/31/2017,Chelan,Passenger,55,30,85,51679,51764,0.16
3/31/2017,Chelan,Truck,0,0,0,21220,21220,0
4/30/2017,Chelan,Truck,0,0,0,21208,21208,0
4/30/2017,Chelan,Passenger,55,31,86,51695,51781,0.17
5/31/2017,Chelan,Truck,0,0,0,21249,21249,0
5/31/2017,Chelan,Passenger,60,36,96,51875,51971,0.18
6/30/2017,Chelan,Truck,0,0,0,21303,21303,0
6/30/2017,Chelan,Passenger,67,37,104,52044,52148,0.2
7/31/2017,Chelan,Passenger,68,35,103,52135,52238,0.2
7/31/2017,Chelan,Truck,0,0,0,21330,21330,0
8/31/2017,Chelan,Passenger,72,36,108,52309,52417,0.21
8/31/2017,Chelan,Truck,0,0,0,21364,21364,0
9/30/2017,Chelan,Truck,0,0,0,21415,21415,0
9/30/2017,Chelan,Passenger,75,37,112,52502,52614,0.21
10/31/2017,Chelan,Truck,0,0,0,21491,21491,0
10/31/2017,Chelan,Passenger,77,36,113,52717,52830,0.21
11/30/2017,Chelan,Truck,0,0,0,21520,21520,0
11/30/2017,Chelan,Passenger,83,36,119,52831,52950,0.22
12/31/2017,Chelan,Truck,0,0,0,21619,21619,0
12/31/2017,Chelan,Passenger,86,38,124,53026,53150,0.23
1/31/2018,Chelan,Truck,0,0,0,21676,21676,0
1/31/2018,Chelan,Passenger,94,38,132,53234,53366,0.25
2/28/2018,Chelan,Truck,0,0,0,21667,21667,0
2/28/2018,Chelan,Passenger,94,39,133,53236,53369,0.25
3/31/2018,Chelan,Passenger,96,41,137,53346,53483,0.26
3/31/2018,Chelan,Truck,0,0,0,21719,21719,0
4/30/2018,Chelan,Passenger,98,45,143,53397,53540,0.27
4/30/2018,Chelan,Truck,0,0,0,21762,21762,0
5/31/2018,Chelan,Truck,0,0,0,21822,21822,0
5/31/2018,Chelan,Passenger,103,49,152,53497,53649,0.28
6/30/2018,Chelan,Truck,0,0,0,21871,21871,0
6/30/2018,Chelan,Passenger,110,53,163,53555,53718,0.3
7/31/2018,Chelan,Passenger,112,52,164,53577,53741,0.31
7/31/2018,Chelan,Truck,0,0,0,21949,21949,0
8/31/2018,Chelan,Passenger,114,55,169,53725,53894,0.31
8/31/2018,Chelan,Truck,0,0,0,21982,21982,0
9/30/2018,Chelan,Truck,0,0,0,22026,22026,0
9/30/2018,Chelan,Passenger,117,59,176,53805,53981,0.33
10/31/2018,Chelan,Truck,0,0,0,22057,22057,0
10/31/2018,Chelan,Passenger,126,59,185,53933,54118,0.34
11/30/2018,Chelan,Passenger,135,60,195,54065,54260,0.36
11/30/2018,Chelan,Truck,0,0,0,22081,22081,0
12/31/2018,Chelan,Passenger,140,61,201,54139,54340,0.37
12/31/2018,Chelan,Truck,0,0,0,22051,22051,0
1/31/2019,Chelan,Passenger,140,64,204,54208,54412,0.37
1/31/2019,Chelan,Truck,0,0,0,22106,22106,0
2/28/2019,Chelan,Truck,0,0,0,22096,22096,0
2/28/2019,Chelan,Passenger,145,66,211,54161,54372,0.39
3/31/2019,Chelan,Passenger,144,67,211,54160,54371,0.39
3/31/2019,Chelan,Truck,0,0,0,22125,22125,0
4/30/2019,Chelan,Passenger,147,66,213,54297,54510,0.39
4/30/2019,Chelan,Truck,0,0,0,22171,22171,0
5/31/2019,Chelan,Truck,0,0,0,22241,22241,0
5/31/2019,Chelan,Passenger,153,67,220,54340,54560,0.4
6/30/2019,Chelan,Passenger,157,68,225,54357,54582,0.41
6/30/2019,Chelan,Truck,0,0,0,22281,22281,0
7/31/2019,Chelan,Passenger,161,68,229,54435,54664,0.42
7/31/2019,Chelan,Truck,0,0,0,22349,22349,0
8/31/2019,Chelan,Passenger,165,70,235,54459,54694,0.43
8/31/2019,Chelan,Truck,0,0,0,22366,22366,0
9/30/2019,Chelan,Passenger,174,71,245,54517,54762,0.45
9/30/2019,Chelan,Truck,0,0,0,22420,22420,0
10/31/2019,Chelan,Truck,0,0,0,22495,22495,0
10/31/2019,Chelan,Passenger,191,75,266,54661,54927,0.48
11/30/2019,Chelan,Truck,0,0,0,22517,22517,0
11/30/2019,Chelan,Passenger,196,75,271,54650,54921,0.49
12/31/2019,Chelan,Passenger,201,78,279,54630,54909,0.51
12/31/2019,Chelan,Truck,0,0,0,22549,22549,0
1/31/2020,Chelan,Truck,0,0,0,22573,22573,0
1/31/2020,Chelan,Passenger,213,77,290,54625,54915,0.53
2/29/2020,Chelan,Passenger,216,78,294,54614,54908,0.54
2/29/2020,Chelan,Truck,0,0,0,22573,22573,0
3/31/2020,Chelan,Passenger,220,79,299,54490,54789,0.55
3/31/2020,Chelan,Truck,0,0,0,22552,22552,0
4/30/2020,Chelan,Truck,0,0,0,22462,22462,0
4/30/2020,Chelan,Passenger,224,80,304,54240,54544,0.56
5/31/2020,Chelan,Passenger,228,78,306,54118,54424,0.56
5/31/2020,Chelan,Truck,0,0,0,22437,22437,0
6/30/2020,Chelan,Truck,0,0,0,22523,22523,0
6/30/2020,Chelan,Passenger,231,78,309,54192,54501,0.57
7/31/2020,Chelan,Truck,0,0,0,22630,22630,0
7/31/2020,Chelan,Passenger,240,82,322,54237,54559,0.59
8/31/2020,Chelan,Passenger,248,80,328,54181,54509,0.6
8/31/2020,Chelan,Truck,0,0,0,22679,22679,0
9/30/2020,Chelan,Truck,0,0,0,22731,22731,0
9/30/2020,Chelan,Passenger,260,80,340,54311,54651,0.62
10/31/2020,Chelan,Truck,0,0,0,22774,22774,0
10/31/2020,Chelan,Passenger,265,82,347,54378,54725,0.63
11/30/2020,Chelan,Passenger,271,84,355,54379,54734,0.65
11/30/2020,Chelan,Truck,0,0,0,22782,22782,0
12/31/2020,Chelan,Passenger,278,88,366,54506,54872,0.67
12/31/2020,Chelan,Truck,0,0,0,22808,22808,0
1/31/2021,Chelan,Truck,0,0,0,22846,22846,0
1/31/2021,Chelan,Passenger,294,87,381,54483,54864,0.69
2/28/2021,Chelan,Passenger,301,88,389,54494,54883,0.71
2/28/2021,Chelan,Truck,0,0,0,22881,22881,0
3/31/2021,Chelan,Truck,0,0,0,22990,22990,0
3/31/2021,Chelan,Passenger,304,94,398,54539,54937,0.72
4/30/2021,Chelan,Passenger,314,93,407,54675,55082,0.74
4/30/2021,Chelan,Truck,0,0,0,23070,23070,0
5/31/2021,Chelan,Truck,0,0,0,23104,23104,0
5/31/2021,Chelan,Passenger,322,98,420,54731,55151,0.76
6/30/2021,Chelan,Truck,0,0,0,23129,23129,0
6/30/2021,Chelan,Passenger,336,99,435,54747,55182,0.79
7/31/2021,Chelan,Passenger,350,101,451,54718,55169,0.82
7/31/2021,Chelan,Truck,0,0,0,23103,23103,0
8/31/2021,Chelan,Passenger,364,102,466,54721,55187,0.84
8/31/2021,Chelan,Truck,0,0,0,23088,23088,0
9/30/2021,Chelan,Passenger,375,104,479,54766,55245,0.87
9/30/2021,Chelan,Truck,0,0,0,23104,23104,0
10/31/2021,Chelan,Truck,0,0,0,23076,23076,0
10/31/2021,Chelan,Passenger,385,110,495,54682,55177,0.9
11/30/2021,Chelan,Passenger,400,113,513,54706,55219,0.93
11/30/2021,Chelan,Truck,0,0,0,23095,23095,0
12/31/2021,Chelan,Truck,0,0,0,23109,23109,0
12/31/2021,Chelan,Passenger,408,114,522,54689,55211,0.95
1/31/2022,Chelan,Passenger,421,117,538,54591,55129,0.98
1/31/2022,Chelan,Truck,0,0,0,23063,23063,0
2/28/2022,Chelan,Truck,0,0,0,23076,23076,0
2/28/2022,Chelan,Passenger,429,121,550,54570,55120,1
3/31/2022,Chelan,Passenger,437,122,559,54598,55157,1.01
3/31/2022,Chelan,Truck,0,0,0,23050,23050,0
4/30/2022,Chelan,Passenger,447,124,571,54527,55098,1.04
4/30/2022,Chelan,Truck,0,0,0,23069,23069,0
5/31/2022,Chelan,Passenger,450,126,576,54387,54963,1.05
5/31/2022,Chelan,Truck,2,0,2,23069,23071,0.01
6/30/2022,Chelan,Passenger,461,126,587,54359,54946,1.07
6/30/2022,Chelan,Truck,3,0,3,23070,23073,0.01
7/31/2022,Chelan,Truck,4,0,4,23058,23062,0.02
7/31/2022,Chelan,Passenger,478,125,603,54252,54855,1.1
8/31/2022,Chelan,Truck,5,0,5,23066,23071,0.02
8/31/2022,Chelan,Passenger,486,134,620,54206,54826,1.13
9/30/2022,Chelan,Truck,6,0,6,23088,23094,0.03
9/30/2022,Chelan,Passenger,494,135,629,54162,54791,1.15
10/31/2022,Chelan,Truck,8,0,8,23066,23074,0.03
10/31/2022,Chelan,Passenger,507,140,647,54206,54853,1.18
11/30/2022,Chelan,Truck,11,0,11,23115,23126,0.05
11/30/2022,Chelan,Passenger,525,142,667,54275,54942,1.21
12/31/2022,Chelan,Passenger,537,143,680,54229,54909,1.24
12/31/2022,Chelan,Truck,13,0,13,23060,23073,0.06
1/31/2023,Chelan,Truck,15,0,15,23049,23064,0.07
1/31/2023,Chelan,Passenger,556,147,703,54262,54965,1.28
2/28/2023,Chelan,Passenger,566,150,716,54151,54867,1.3
2/28/2023,Chelan,Truck,19,0,19,23034,23053,0.08
3/31/2023,Chelan,Truck,23,0,23,22966,22989,0.1
3/31/2023,Chelan,Passenger,580,148,728,53886,54614,1.33
4/30/2023,Chelan,Passenger,602,151,753,53583,54336,1.39
4/30/2023,Chelan,Truck,26,0,26,22830,22856,0.11
5/31/2023,Chelan,Passenger,610,153,763,53065,53828,1.42
5/31/2023,Chelan,Truck,29,0,29,22550,22579,0.13
1/31/2017,Clallam,Truck,0,0,0,21046,21046,0
1/31/2017,Clallam,Passenger,73,64,137,48007,48144,0.28
2/28/2017,Clallam,Passenger,75,64,139,47983,48122,0.29
2/28/2017,Clallam,Truck,0,0,0,21031,21031,0
3/31/2017,Clallam,Truck,0,0,0,21043,21043,0
3/31/2017,Clallam,Passenger,77,65,142,48079,48221,0.29
4/30/2017,Clallam,Passenger,80,68,148,48128,48276,0.31
4/30/2017,Clallam,Truck,0,0,0,20964,20964,0
5/31/2017,Clallam,Truck,0,0,0,20961,20961,0
5/31/2017,Clallam,Passenger,84,74,158,48205,48363,0.33
6/30/2017,Clallam,Truck,0,0,0,21018,21018,0
6/30/2017,Clallam,Passenger,90,76,166,48374,48540,0.34
7/31/2017,Clallam,Truck,0,0,0,21045,21045,0
7/31/2017,Clallam,Passenger,93,77,170,48418,48588,0.35
8/31/2017,Clallam,Passenger,96,79,175,48547,48722,0.36
8/31/2017,Clallam,Truck,0,0,0,21060,21060,0
9/30/2017,Clallam,Passenger,95,83,178,48610,48788,0.36
9/30/2017,Clallam,Truck,0,0,0,21086,21086,0
10/31/2017,Clallam,Passenger,96,85,181,48724,48905,0.37
10/31/2017,Clallam,Truck,0,0,0,21148,21148,0
11/30/2017,Clallam,Passenger,98,86,184,48867,49051,0.38
11/30/2017,Clallam,Truck,0,0,0,21181,21181,0
12/31/2017,Clallam,Passenger,99,91,190,49058,49248,0.39
12/31/2017,Clallam,Truck,0,0,0,21218,21218,0
1/31/2018,Clallam,Passenger,106,95,201,49283,49484,0.41
1/31/2018,Clallam,Truck,0,0,0,21280,21280,0
2/28/2018,Clallam,Passenger,109,101,210,49359,49569,0.42
2/28/2018,Clallam,Truck,0,0,0,21289,21289,0
3/31/2018,Clallam,Passenger,119,104,223,49508,49731,0.45
3/31/2018,Clallam,Truck,0,0,0,21314,21314,0
4/30/2018,Clallam,Passenger,117,105,222,49609,49831,0.45
4/30/2018,Clallam,Truck,0,0,0,21359,21359,0
5/31/2018,Clallam,Truck,0,0,0,21412,21412,0
5/31/2018,Clallam,Passenger,119,110,229,49788,50017,0.46
6/30/2018,Clallam,Passenger,124,112,236,49920,50156,0.47
6/30/2018,Clallam,Truck,0,0,0,21442,21442,0
7/31/2018,Clallam,Passenger,127,111,238,49986,50224,0.47
7/31/2018,Clallam,Truck,0,0,0,21477,21477,0
8/31/2018,Clallam,Truck,0,0,0,21475,21475,0
8/31/2018,Clallam,Passenger,128,115,243,50126,50369,0.48
9/30/2018,Clallam,Passenger,129,122,251,50176,50427,0.5
9/30/2018,Clallam,Truck,0,0,0,21491,21491,0
10/31/2018,Clallam,Truck,0,0,0,21568,21568,0
10/31/2018,Clallam,Passenger,136,119,255,50312,50567,0.5
11/30/2018,Clallam,Truck,0,0,0,21613,21613,0
11/30/2018,Clallam,Passenger,147,121,268,50334,50602,0.53
12/31/2018,Clallam,Truck,0,0,0,21641,21641,0
12/31/2018,Clallam,Passenger,150,124,274,50363,50637,0.54
1/31/2019,Clallam,Passenger,152,128,280,50412,50692,0.55
1/31/2019,Clallam,Truck,0,0,0,21630,21630,0
2/28/2019,Clallam,Truck,0,0,0,21575,21575,0
2/28/2019,Clallam,Passenger,153,127,280,50353,50633,0.55
3/31/2019,Clallam,Truck,0,0,0,21615,21615,0
3/31/2019,Clallam,Passenger,154,129,283,50327,50610,0.56
4/30/2019,Clallam,Truck,0,0,0,21680,21680,0
4/30/2019,Clallam,Passenger,160,132,292,50467,50759,0.58
5/31/2019,Clallam,Truck,0,0,0,21745,21745,0
5/31/2019,Clallam,Passenger,167,137,304,50572,50876,0.6
6/30/2019,Clallam,Passenger,173,141,314,50509,50823,0.62
6/30/2019,Clallam,Truck,1,0,1,21739,21740,0
7/31/2019,Clallam,Truck,1,0,1,21811,21812,0
7/31/2019,Clallam,Passenger,177,144,321,50647,50968,0.63
8/31/2019,Clallam,Passenger,184,148,332,50734,51066,0.65
8/31/2019,Clallam,Truck,1,0,1,21823,21824,0
9/30/2019,Clallam,Passenger,185,151,336,50859,51195,0.66
9/30/2019,Clallam,Truck,1,0,1,21841,21842,0
10/31/2019,Clallam,Truck,1,0,1,21844,21845,0
10/31/2019,Clallam,Passenger,194,150,344,50939,51283,0.67
11/30/2019,Clallam,Passenger,195,153,348,50910,51258,0.68
11/30/2019,Clallam,Truck,1,0,1,21844,21845,0
12/31/2019,Clallam,Passenger,196,157,353,50871,51224,0.69
12/31/2019,Clallam,Truck,1,0,1,21869,21870,0
1/31/2020,Clallam,Truck,1,0,1,21853,21854,0
1/31/2020,Clallam,Passenger,203,163,366,50914,51280,0.71
2/29/2020,Clallam,Truck,1,0,1,21837,21838,0
2/29/2020,Clallam,Passenger,206,163,369,50804,51173,0.72
3/31/2020,Clallam,Truck,1,0,1,21815,21816,0
3/31/2020,Clallam,Passenger,214,166,380,50661,51041,0.74
4/30/2020,Clallam,Passenger,219,166,385,50341,50726,0.76
4/30/2020,Clallam,Truck,1,0,1,21694,21695,0
5/31/2020,Clallam,Passenger,222,165,387,50115,50502,0.77
5/31/2020,Clallam,Truck,1,0,1,21669,21670,0
6/30/2020,Clallam,Passenger,228,168,396,50091,50487,0.78
6/30/2020,Clallam,Truck,1,0,1,21758,21759,0
7/31/2020,Clallam,Truck,1,0,1,21697,21698,0
7/31/2020,Clallam,Passenger,237,169,406,50055,50461,0.8
8/31/2020,Clallam,Passenger,239,171,410,49946,50356,0.81
8/31/2020,Clallam,Truck,1,0,1,21704,21705,0
9/30/2020,Clallam,Passenger,245,173,418,49884,50302,0.83
9/30/2020,Clallam,Truck,1,0,1,21774,21775,0
10/31/2020,Clallam,Truck,1,0,1,21766,21767,0
10/31/2020,Clallam,Passenger,252,173,425,49895,50320,0.84
11/30/2020,Clallam,Truck,1,0,1,21783,21784,0
11/30/2020,Clallam,Passenger,262,176,438,49875,50313,0.87
12/31/2020,Clallam,Truck,1,0,1,21832,21833,0
12/31/2020,Clallam,Passenger,273,185,458,49924,50382,0.91
1/31/2021,Clallam,Passenger,281,190,471,49975,50446,0.93
1/31/2021,Clallam,Truck,1,0,1,21870,21871,0
2/28/2021,Clallam,Truck,1,0,1,21902,21903,0
2/28/2021,Clallam,Passenger,282,195,477,49995,50472,0.95
3/31/2021,Clallam,Truck,1,0,1,21956,21957,0
3/31/2021,Clallam,Passenger,299,199,498,50127,50625,0.98
4/30/2021,Clallam,Passenger,309,206,515,50407,50922,1.01
4/30/2021,Clallam,Truck,1,0,1,21993,21994,0
5/31/2021,Clallam,Passenger,321,208,529,50431,50960,1.04
5/31/2021,Clallam,Truck,1,0,1,22006,22007,0
6/30/2021,Clallam,Truck,1,0,1,22027,22028,0
6/30/2021,Clallam,Passenger,329,217,546,50497,51043,1.07
7/31/2021,Clallam,Truck,1,0,1,22037,22038,0
7/31/2021,Clallam,Passenger,341,220,561,50470,51031,1.1
8/31/2021,Clallam,Passenger,350,220,570,50516,51086,1.12
8/31/2021,Clallam,Truck,1,0,1,22027,22028,0
9/30/2021,Clallam,Truck,1,0,1,22021,22022,0
9/30/2021,Clallam,Passenger,359,229,588,50563,51151,1.15
10/31/2021,Clallam,Passenger,365,235,600,50535,51135,1.17
10/31/2021,Clallam,Truck,1,0,1,22066,22067,0
11/30/2021,Clallam,Truck,1,0,1,22118,22119,0
11/30/2021,Clallam,Passenger,372,238,610,50521,51131,1.19
12/31/2021,Clallam,Passenger,383,239,622,50398,51020,1.22
12/31/2021,Clallam,Truck,1,0,1,22127,22128,0
1/31/2022,Clallam,Passenger,391,241,632,50253,50885,1.24
1/31/2022,Clallam,Truck,1,0,1,22145,22146,0
2/28/2022,Clallam,Truck,1,0,1,22106,22107,0
2/28/2022,Clallam,Passenger,393,243,636,50155,50791,1.25
3/31/2022,Clallam,Truck,1,0,1,22062,22063,0
3/31/2022,Clallam,Passenger,402,240,642,49992,50634,1.27
4/30/2022,Clallam,Passenger,404,241,645,49844,50489,1.28
4/30/2022,Clallam,Truck,1,0,1,22003,22004,0
5/31/2022,Clallam,Passenger,410,244,654,49797,50451,1.3
5/31/2022,Clallam,Truck,1,0,1,21962,21963,0
6/30/2022,Clallam,Passenger,421,249,670,49798,50468,1.33
6/30/2022,Clallam,Truck,3,0,3,21941,21944,0.01
7/31/2022,Clallam,Truck,3,0,3,21902,21905,0.01
7/31/2022,Clallam,Passenger,432,246,678,49679,50357,1.35
8/31/2022,Clallam,Passenger,435,247,682,49573,50255,1.36
8/31/2022,Clallam,Truck,4,0,4,21884,21888,0.02
9/30/2022,Clallam,Passenger,441,249,690,49508,50198,1.37
9/30/2022,Clallam,Truck,6,0,6,21891,21897,0.03
10/31/2022,Clallam,Passenger,454,256,710,49472,50182,1.41
10/31/2022,Clallam,Truck,7,0,7,21882,21889,0.03
11/30/2022,Clallam,Passenger,468,261,729,49429,50158,1.45
11/30/2022,Clallam,Truck,8,0,8,21866,21874,0.04
12/31/2022,Clallam,Truck,8,0,8,21845,21853,0.04
12/31/2022,Clallam,Passenger,480,262,742,49389,50131,1.48
1/31/2023,Clallam,Passenger,497,267,764,49268,50032,1.53
1/31/2023,Clallam,Truck,9,0,9,21790,21799,0.04
2/28/2023,Clallam,Truck,12,0,12,21720,21732,0.06
2/28/2023,Clallam,Passenger,501,271,772,49133,49905,1.55
3/31/2023,Clallam,Passenger,504,273,777,48885,49662,1.56
3/31/2023,Clallam,Truck,17,0,17,21564,21581,0.08
4/30/2023,Clallam,Passenger,515,275,790,48506,49296,1.6
4/30/2023,Clallam,Truck,18,0,18,21436,21454,0.08
5/31/2023,Clallam,Truck,20,0,20,21209,21229,0.09
5/31/2023,Clallam,Passenger,528,272,800,47905,48705,1.64
1/31/2017,Clark,Truck,0,0,0,77522,77522,0
1/31/2017,Clark,Passenger,673,426,1099,297826,298925,0.37
2/28/2017,Clark,Passenger,695,434,1129,297939,299068,0.38
2/28/2017,Clark,Truck,0,0,0,77521,77521,0
3/31/2017,Clark,Truck,0,0,0,77574,77574,0
3/31/2017,Clark,Passenger,718,454,1172,298275,299447,0.39
4/30/2017,Clark,Passenger,755,471,1226,298480,299706,0.41
4/30/2017,Clark,Truck,0,0,0,77563,77563,0
5/31/2017,Clark,Passenger,770,489,1259,298805,300064,0.42
5/31/2017,Clark,Truck,0,0,0,77599,77599,0
6/30/2017,Clark,Truck,0,0,0,77650,77650,0
6/30/2017,Clark,Passenger,787,504,1291,299559,300850,0.43
7/31/2017,Clark,Passenger,795,517,1312,299966,301278,0.44
7/31/2017,Clark,Truck,0,0,0,77739,77739,0
8/31/2017,Clark,Passenger,794,528,1322,300782,302104,0.44
8/31/2017,Clark,Truck,0,0,0,77899,77899,0
9/30/2017,Clark,Truck,0,0,0,77869,77869,0
9/30/2017,Clark,Passenger,810,542,1352,301414,302766,0.45
10/31/2017,Clark,Passenger,829,559,1388,302270,303658,0.46
10/31/2017,Clark,Truck,0,0,0,78123,78123,0
11/30/2017,Clark,Truck,0,0,0,78248,78248,0
11/30/2017,Clark,Passenger,840,558,1398,303196,304594,0.46
12/31/2017,Clark,Truck,0,0,0,78388,78388,0
12/31/2017,Clark,Passenger,851,572,1423,304280,305703,0.47
1/31/2018,Clark,Passenger,873,598,1471,305311,306782,0.48
1/31/2018,Clark,Truck,0,0,0,78580,78580,0
2/28/2018,Clark,Passenger,888,615,1503,305316,306819,0.49
2/28/2018,Clark,Truck,0,0,0,78571,78571,0
3/31/2018,Clark,Passenger,918,640,1558,306010,307568,0.51
3/31/2018,Clark,Truck,0,0,0,78627,78627,0
4/30/2018,Clark,Truck,0,0,0,78733,78733,0
4/30/2018,Clark,Passenger,943,656,1599,306452,308051,0.52
5/31/2018,Clark,Truck,0,0,0,78916,78916,0
5/31/2018,Clark,Passenger,963,695,1658,307156,308814,0.54
6/30/2018,Clark,Passenger,1009,718,1727,307976,309703,0.56
6/30/2018,Clark,Truck,0,0,0,79120,79120,0
7/31/2018,Clark,Truck,0,0,0,79237,79237,0
7/31/2018,Clark,Passenger,1042,743,1785,308660,310445,0.57
8/31/2018,Clark,Truck,0,0,0,79299,79299,0
8/31/2018,Clark,Passenger,1069,764,1833,309230,311063,0.59
9/30/2018,Clark,Passenger,1089,783,1872,309730,311602,0.6
9/30/2018,Clark,Truck,0,0,0,79361,79361,0
10/31/2018,Clark,Passenger,1149,813,1962,310432,312394,0.63
10/31/2018,Clark,Truck,0,0,0,79574,79574,0
11/30/2018,Clark,Truck,0,0,0,79736,79736,0
11/30/2018,Clark,Passenger,1189,829,2018,311004,313022,0.64
12/31/2018,Clark,Passenger,1247,840,2087,311400,313487,0.67
12/31/2018,Clark,Truck,0,0,0,79835,79835,0
1/31/2019,Clark,Passenger,1314,867,2181,312098,314279,0.69
1/31/2019,Clark,Truck,0,0,0,79964,79964,0
2/28/2019,Clark,Passenger,1338,865,2203,311851,314054,0.7
2/28/2019,Clark,Truck,0,0,0,79975,79975,0
3/31/2019,Clark,Passenger,1359,881,2240,311983,314223,0.71
3/31/2019,Clark,Truck,0,0,0,79990,79990,0
4/30/2019,Clark,Passenger,1415,896,2311,312594,314905,0.73
4/30/2019,Clark,Truck,0,0,0,80104,80104,0
5/31/2019,Clark,Passenger,1476,913,2389,313267,315656,0.76
5/31/2019,Clark,Truck,0,0,0,80186,80186,0
6/30/2019,Clark,Passenger,1539,926,2465,313868,316333,0.78
6/30/2019,Clark,Truck,0,0,0,80332,80332,0
7/31/2019,Clark,Truck,0,0,0,80612,80612,0
7/31/2019,Clark,Passenger,1589,944,2533,314932,317465,0.8
8/31/2019,Clark,Passenger,1648,959,2607,315561,318168,0.82
8/31/2019,Clark,Truck,0,0,0,80860,80860,0
9/30/2019,Clark,Truck,0,0,0,80966,80966,0
9/30/2019,Clark,Passenger,1701,982,2683,316104,318787,0.84
10/31/2019,Clark,Truck,0,0,0,81149,81149,0
10/31/2019,Clark,Passenger,1783,1016,2799,316976,319775,0.88
11/30/2019,Clark,Truck,0,0,0,81276,81276,0
11/30/2019,Clark,Passenger,1806,1025,2831,317539,320370,0.88
12/31/2019,Clark,Passenger,1843,1042,2885,317748,320633,0.9
12/31/2019,Clark,Truck,0,0,0,81313,81313,0
1/31/2020,Clark,Truck,0,0,0,81763,81763,0
1/31/2020,Clark,Passenger,1940,1053,2993,319996,322989,0.93
2/29/2020,Clark,Passenger,1970,1057,3027,320561,323588,0.94
2/29/2020,Clark,Truck,0,0,0,81978,81978,0
3/31/2020,Clark,Truck,0,0,0,82046,82046,0
3/31/2020,Clark,Passenger,1983,1060,3043,320307,323350,0.94
4/30/2020,Clark,Passenger,1992,1055,3047,318767,321814,0.95
4/30/2020,Clark,Truck,0,0,0,81834,81834,0
5/31/2020,Clark,Passenger,2003,1054,3057,317516,320573,0.95
5/31/2020,Clark,Truck,0,0,0,81890,81890,0
6/30/2020,Clark,Truck,0,0,0,82223,82223,0
6/30/2020,Clark,Passenger,2014,1056,3070,317711,320781,0.96
7/31/2020,Clark,Passenger,2097,1064,3161,317987,321148,0.98
7/31/2020,Clark,Truck,0,0,0,82424,82424,0
8/31/2020,Clark,Truck,0,0,0,82711,82711,0
8/31/2020,Clark,Passenger,2135,1074,3209,318274,321483,1
9/30/2020,Clark,Truck,0,0,0,82864,82864,0
9/30/2020,Clark,Passenger,2174,1096,3270,318451,321721,1.02
10/31/2020,Clark,Passenger,2212,1119,3331,318882,322213,1.03
10/31/2020,Clark,Truck,0,0,0,83165,83165,0
11/30/2020,Clark,Truck,0,0,0,83226,83226,0
11/30/2020,Clark,Passenger,2284,1138,3422,318874,322296,1.06
12/31/2020,Clark,Passenger,2356,1178,3534,319558,323092,1.09
12/31/2020,Clark,Truck,0,0,0,83497,83497,0
1/31/2021,Clark,Passenger,2459,1209,3668,319453,323121,1.14
1/31/2021,Clark,Truck,0,0,0,83563,83563,0
2/28/2021,Clark,Passenger,2505,1243,3748,319001,322749,1.16
2/28/2021,Clark,Truck,0,0,0,83535,83535,0
3/31/2021,Clark,Truck,0,0,0,83849,83849,0
3/31/2021,Clark,Passenger,2578,1274,3852,320074,323926,1.19
4/30/2021,Clark,Passenger,2682,1328,4010,321680,325690,1.23
4/30/2021,Clark,Truck,0,0,0,84198,84198,0
5/31/2021,Clark,Passenger,2758,1366,4124,322009,326133,1.26
5/31/2021,Clark,Truck,0,0,0,84191,84191,0
6/30/2021,Clark,Passenger,2842,1421,4263,322613,326876,1.3
6/30/2021,Clark,Truck,0,0,0,84345,84345,0
7/31/2021,Clark,Truck,0,0,0,84273,84273,0
7/31/2021,Clark,Passenger,2978,1457,4435,322445,326880,1.36
8/31/2021,Clark,Truck,0,0,0,84183,84183,0
8/31/2021,Clark,Passenger,3073,1470,4543,322145,326688,1.39
9/30/2021,Clark,Passenger,3152,1483,4635,321862,326497,1.42
9/30/2021,Clark,Truck,0,0,0,84162,84162,0
10/31/2021,Clark,Passenger,3255,1511,4766,321136,325902,1.46
10/31/2021,Clark,Truck,0,0,0,84039,84039,0
11/30/2021,Clark,Passenger,3365,1533,4898,320894,325792,1.5
11/30/2021,Clark,Truck,0,0,0,84075,84075,0
12/31/2021,Clark,Passenger,3476,1559,5035,320412,325447,1.55
12/31/2021,Clark,Truck,1,0,1,83999,84000,0
1/31/2022,Clark,Truck,2,0,2,83897,83899,0
1/31/2022,Clark,Passenger,3543,1569,5112,319555,324667,1.57
2/28/2022,Clark,Truck,2,0,2,83764,83766,0
2/28/2022,Clark,Passenger,3629,1597,5226,319220,324446,1.61
3/31/2022,Clark,Passenger,3746,1653,5399,318428,323827,1.67
3/31/2022,Clark,Truck,2,0,2,83499,83501,0
4/30/2022,Clark,Passenger,3866,1690,5556,317976,323532,1.72
4/30/2022,Clark,Truck,3,0,3,83240,83243,0
5/31/2022,Clark,Passenger,3938,1733,5671,316901,322572,1.76
5/31/2022,Clark,Truck,5,0,5,82923,82928,0.01
6/30/2022,Clark,Truck,7,0,7,82845,82852,0.01
6/30/2022,Clark,Passenger,4098,1780,5878,316787,322665,1.82
7/31/2022,Clark,Truck,9,0,9,82561,82570,0.01
7/31/2022,Clark,Passenger,4232,1806,6038,315725,321763,1.88
8/31/2022,Clark,Truck,17,0,17,82416,82433,0.02
8/31/2022,Clark,Passenger,4352,1853,6205,315670,321875,1.93
9/30/2022,Clark,Passenger,4482,1890,6372,315631,322003,1.98
9/30/2022,Clark,Truck,19,0,19,82315,82334,0.02
10/31/2022,Clark,Truck,31,0,31,82119,82150,0.04
10/31/2022,Clark,Passenger,4607,1925,6532,315087,321619,2.03
11/30/2022,Clark,Passenger,4779,1979,6758,314839,321597,2.1
11/30/2022,Clark,Truck,39,0,39,81991,82030,0.05
12/31/2022,Clark,Truck,51,0,51,81762,81813,0.06
12/31/2022,Clark,Passenger,4915,2033,6948,314405,321353,2.16
1/31/2023,Clark,Truck,62,0,62,81559,81621,0.08
1/31/2023,Clark,Passenger,5069,2079,7148,313733,320881,2.23
2/28/2023,Clark,Truck,70,0,70,81167,81237,0.09
2/28/2023,Clark,Passenger,5169,2106,7275,312612,319887,2.27
3/31/2023,Clark,Passenger,5277,2159,7436,311219,318655,2.33
3/31/2023,Clark,Truck,77,0,77,80800,80877,0.1
4/30/2023,Clark,Passenger,5434,2201,7635,309384,317019,2.41
4/30/2023,Clark,Truck,83,0,83,80122,80205,0.1
5/31/2023,Clark,Truck,91,0,91,79172,79263,0.11
5/31/2023,Clark,Passenger,5592,2253,7845,306225,314070,2.5
1/31/2017,Columbia,Truck,0,0,0,1543,1543,0
1/31/2017,Columbia,Passenger,0,1,1,2331,2332,0.04
2/28/2017,Columbia,Truck,0,0,0,1528,1528,0
2/28/2017,Columbia,Passenger,0,1,1,2337,2338,0.04
3/31/2017,Columbia,Truck,0,0,0,1529,1529,0
3/31/2017,Columbia,Passenger,0,1,1,2355,2356,0.04
4/30/2017,Columbia,Passenger,0,1,1,2358,2359,0.04
4/30/2017,Columbia,Truck,0,0,0,1536,1536,0
5/31/2017,Columbia,Passenger,0,1,1,2359,2360,0.04
5/31/2017,Columbia,Truck,0,0,0,1537,1537,0
6/30/2017,Columbia,Truck,0,0,0,1531,1531,0
6/30/2017,Columbia,Passenger,1,1,2,2353,2355,0.08
7/31/2017,Columbia,Truck,0,0,0,1533,1533,0
7/31/2017,Columbia,Passenger,1,1,2,2350,2352,0.09
8/31/2017,Columbia,Truck,0,0,0,1541,1541,0
8/31/2017,Columbia,Passenger,1,1,2,2352,2354,0.08
9/30/2017,Columbia,Passenger,1,1,2,2378,2380,0.08
9/30/2017,Columbia,Truck,0,0,0,1557,1557,0
10/31/2017,Columbia,Passenger,1,1,2,2393,2395,0.08
10/31/2017,Columbia,Truck,0,0,0,1542,1542,0
11/30/2017,Columbia,Passenger,2,1,3,2391,2394,0.13
11/30/2017,Columbia,Truck,0,0,0,1537,1537,0
12/31/2017,Columbia,Passenger,2,1,3,2403,2406,0.12
12/31/2017,Columbia,Truck,0,0,0,1540,1540,0
1/31/2018,Columbia,Passenger,2,1,3,2401,2404,0.12
1/31/2018,Columbia,Truck,0,0,0,1545,1545,0
2/28/2018,Columbia,Truck,0,0,0,1535,1535,0
2/28/2018,Columbia,Passenger,2,1,3,2407,2410,0.12
3/31/2018,Columbia,Truck,0,0,0,1532,1532,0
3/31/2018,Columbia,Passenger,2,1,3,2409,2412,0.12
4/30/2018,Columbia,Passenger,2,1,3,2414,2417,0.12
4/30/2018,Columbia,Truck,0,0,0,1523,1523,0
5/31/2018,Columbia,Passenger,2,1,3,2412,2415,0.12
5/31/2018,Columbia,Truck,0,0,0,1526,1526,0
6/30/2018,Columbia,Passenger,2,2,4,2424,2428,0.16
6/30/2018,Columbia,Truck,0,0,0,1527,1527,0
7/31/2018,Columbia,Truck,0,0,0,1530,1530,0
7/31/2018,Columbia,Passenger,2,2,4,2419,2423,0.17
8/31/2018,Columbia,Truck,0,0,0,1535,1535,0
8/31/2018,Columbia,Passenger,2,2,4,2415,2419,0.17
9/30/2018,Columbia,Passenger,2,2,4,2429,2433,0.16
9/30/2018,Columbia,Truck,0,0,0,1521,1521,0
10/31/2018,Columbia,Truck,0,0,0,1518,1518,0
10/31/2018,Columbia,Passenger,2,2,4,2432,2436,0.16
11/30/2018,Columbia,Truck,0,0,0,1516,1516,0
11/30/2018,Columbia,Passenger,2,2,4,2437,2441,0.16
12/31/2018,Columbia,Truck,0,0,0,1517,1517,0
12/31/2018,Columbia,Passenger,2,2,4,2421,2425,0.16
1/31/2019,Columbia,Passenger,2,2,4,2423,2427,0.16
1/31/2019,Columbia,Truck,0,0,0,1529,1529,0
2/28/2019,Columbia,Passenger,2,2,4,2430,2434,0.16
2/28/2019,Columbia,Truck,0,0,0,1525,1525,0
3/31/2019,Columbia,Truck,0,0,0,1527,1527,0
3/31/2019,Columbia,Passenger,2,2,4,2427,2431,0.16
4/30/2019,Columbia,Truck,0,0,0,1531,1531,0
4/30/2019,Columbia,Passenger,2,2,4,2441,2445,0.16
5/31/2019,Columbia,Passenger,2,2,4,2443,2447,0.16
5/31/2019,Columbia,Truck,0,0,0,1532,1532,0
6/30/2019,Columbia,Truck,0,0,0,1532,1532,0
6/30/2019,Columbia,Passenger,2,2,4,2450,2454,0.16
7/31/2019,Columbia,Truck,0,0,0,1529,1529,0
7/31/2019,Columbia,Passenger,2,2,4,2454,2458,0.16
8/31/2019,Columbia,Truck,0,0,0,1531,1531,0
8/31/2019,Columbia,Passenger,2,2,4,2455,2459,0.16
9/30/2019,Columbia,Truck,0,0,0,1536,1536,0
9/30/2019,Columbia,Passenger,3,2,5,2446,2451,0.2
10/31/2019,Columbia,Passenger,3,2,5,2435,2440,0.2
10/31/2019,Columbia,Truck,0,0,0,1533,1533,0
11/30/2019,Columbia,Passenger,3,2,5,2443,2448,0.2
11/30/2019,Columbia,Truck,0,0,0,1535,1535,0
12/31/2019,Columbia,Truck,0,0,0,1537,1537,0
12/31/2019,Columbia,Passenger,3,3,6,2449,2455,0.24
1/31/2020,Columbia,Truck,0,0,0,1534,1534,0
1/31/2020,Columbia,Passenger,3,3,6,2447,2453,0.24
2/29/2020,Columbia,Passenger,3,3,6,2433,2439,0.25
2/29/2020,Columbia,Truck,0,0,0,1535,1535,0
3/31/2020,Columbia,Truck,0,0,0,1533,1533,0
3/31/2020,Columbia,Passenger,3,3,6,2416,2422,0.25
4/30/2020,Columbia,Passenger,3,3,6,2407,2413,0.25
4/30/2020,Columbia,Truck,0,0,0,1524,1524,0
5/31/2020,Columbia,Truck,0,0,0,1523,1523,0
5/31/2020,Columbia,Passenger,4,3,7,2405,2412,0.29
6/30/2020,Columbia,Truck,0,0,0,1532,1532,0
6/30/2020,Columbia,Passenger,4,3,7,2415,2422,0.29
7/31/2020,Columbia,Truck,0,0,0,1541,1541,0
7/31/2020,Columbia,Passenger,4,3,7,2418,2425,0.29
8/31/2020,Columbia,Truck,0,0,0,1526,1526,0
8/31/2020,Columbia,Passenger,3,3,6,2423,2429,0.25
9/30/2020,Columbia,Truck,0,0,0,1532,1532,0
9/30/2020,Columbia,Passenger,4,3,7,2421,2428,0.29
10/31/2020,Columbia,Passenger,4,3,7,2439,2446,0.29
10/31/2020,Columbia,Truck,0,0,0,1532,1532,0
11/30/2020,Columbia,Truck,0,0,0,1530,1530,0
11/30/2020,Columbia,Passenger,4,3,7,2439,2446,0.29
12/31/2020,Columbia,Passenger,5,3,8,2441,2449,0.33
12/31/2020,Columbia,Truck,0,0,0,1543,1543,0
1/31/2021,Columbia,Passenger,5,3,8,2452,2460,0.33
1/31/2021,Columbia,Truck,0,0,0,1547,1547,0
2/28/2021,Columbia,Passenger,5,4,9,2453,2462,0.37
2/28/2021,Columbia,Truck,0,0,0,1543,1543,0
3/31/2021,Columbia,Passenger,5,4,9,2466,2475,0.36
3/31/2021,Columbia,Truck,0,0,0,1549,1549,0
4/30/2021,Columbia,Passenger,5,4,9,2478,2487,0.36
4/30/2021,Columbia,Truck,0,0,0,1560,1560,0
5/31/2021,Columbia,Truck,0,0,0,1552,1552,0
5/31/2021,Columbia,Passenger,6,3,9,2476,2485,0.36
6/30/2021,Columbia,Truck,0,0,0,1546,1546,0
6/30/2021,Columbia,Passenger,6,2,8,2468,2476,0.32
7/31/2021,Columbia,Truck,0,0,0,1555,1555,0
7/31/2021,Columbia,Passenger,6,2,8,2472,2480,0.32
8/31/2021,Columbia,Passenger,7,2,9,2458,2467,0.36
8/31/2021,Columbia,Truck,0,0,0,1539,1539,0
9/30/2021,Columbia,Passenger,7,2,9,2451,2460,0.37
9/30/2021,Columbia,Truck,0,0,0,1537,1537,0
10/31/2021,Columbia,Passenger,7,2,9,2439,2448,0.37
10/31/2021,Columbia,Truck,0,0,0,1537,1537,0
11/30/2021,Columbia,Passenger,6,2,8,2459,2467,0.32
11/30/2021,Columbia,Truck,0,0,0,1552,1552,0
12/31/2021,Columbia,Passenger,6,2,8,2452,2460,0.33
12/31/2021,Columbia,Truck,0,0,0,1555,1555,0
1/31/2022,Columbia,Passenger,6,2,8,2452,2460,0.33
1/31/2022,Columbia,Truck,0,0,0,1557,1557,0
2/28/2022,Columbia,Passenger,6,1,7,2457,2464,0.28
2/28/2022,Columbia,Truck,0,0,0,1571,1571,0
3/31/2022,Columbia,Truck,0,0,0,1590,1590,0
3/31/2022,Columbia,Passenger,6,0,6,2448,2454,0.24
4/30/2022,Columbia,Passenger,7,0,7,2446,2453,0.29
4/30/2022,Columbia,Truck,0,0,0,1589,1589,0
5/31/2022,Columbia,Passenger,7,0,7,2441,2448,0.29
5/31/2022,Columbia,Truck,0,0,0,1583,1583,0
6/30/2022,Columbia,Truck,0,0,0,1582,1582,0
6/30/2022,Columbia,Passenger,7,0,7,2445,2452,0.29
7/31/2022,Columbia,Passenger,7,0,7,2432,2439,0.29
7/31/2022,Columbia,Truck,0,0,0,1580,1580,0
8/31/2022,Columbia,Passenger,8,0,8,2438,2446,0.33
8/31/2022,Columbia,Truck,0,0,0,1577,1577,0
9/30/2022,Columbia,Truck,0,0,0,1580,1580,0
9/30/2022,Columbia,Passenger,8,0,8,2440,2448,0.33
10/31/2022,Columbia,Truck,0,0,0,1587,1587,0
10/31/2022,Columbia,Passenger,8,1,9,2440,2449,0.37
11/30/2022,Columbia,Passenger,8,1,9,2430,2439,0.37
11/30/2022,Columbia,Truck,0,0,0,1597,1597,0
12/31/2022,Columbia,Truck,0,0,0,1593,1593,0
12/31/2022,Columbia,Passenger,7,1,8,2440,2448,0.33
1/31/2023,Columbia,Passenger,8,1,9,2437,2446,0.37
1/31/2023,Columbia,Truck,0,0,0,1584,1584,0
2/28/2023,Columbia,Truck,0,0,0,1577,1577,0
2/28/2023,Columbia,Passenger,8,1,9,2422,2431,0.37
3/31/2023,Columbia,Truck,0,0,0,1570,1570,0
3/31/2023,Columbia,Passenger,8,1,9,2402,2411,0.37
4/30/2023,Columbia,Passenger,8,1,9,2388,2397,0.38
4/30/2023,Columbia,Truck,0,0,0,1546,1546,0
5/31/2023,Columbia,Passenger,9,1,10,2367,2377,0.42
5/31/2023,Columbia,Truck,0,0,0,1527,1527,0
1/31/2017,Cowlitz,Truck,0,0,0,27949,27949,0
1/31/2017,Cowlitz,Passenger,51,44,95,69112,69207,0.14
2/28/2017,Cowlitz,Passenger,50,46,96,69055,69151,0.14
2/28/2017,Cowlitz,Truck,0,0,0,27871,27871,0
3/31/2017,Cowlitz,Truck,0,0,0,27906,27906,0
3/31/2017,Cowlitz,Passenger,51,48,99,69300,69399,0.14
4/30/2017,Cowlitz,Truck,0,0,0,27856,27856,0
4/30/2017,Cowlitz,Passenger,52,48,100,69323,69423,0.14
5/31/2017,Cowlitz,Truck,0,0,0,27873,27873,0
5/31/2017,Cowlitz,Passenger,52,50,102,69539,69641,0.15
6/30/2017,Cowlitz,Truck,0,0,0,27913,27913,0
6/30/2017,Cowlitz,Passenger,50,60,110,69656,69766,0.16
7/31/2017,Cowlitz,Passenger,52,61,113,69777,69890,0.16
7/31/2017,Cowlitz,Truck,0,0,0,27955,27955,0
8/31/2017,Cowlitz,Passenger,50,62,112,70014,70126,0.16
8/31/2017,Cowlitz,Truck,0,0,0,27994,27994,0
9/30/2017,Cowlitz,Passenger,52,64,116,70273,70389,0.16
9/30/2017,Cowlitz,Truck,0,0,0,28043,28043,0
10/31/2017,Cowlitz,Passenger,54,65,119,70431,70550,0.17
10/31/2017,Cowlitz,Truck,0,0,0,28115,28115,0
11/30/2017,Cowlitz,Passenger,54,65,119,70592,70711,0.17
11/30/2017,Cowlitz,Truck,0,0,0,28147,28147,0
12/31/2017,Cowlitz,Passenger,54,67,121,70747,70868,0.17
12/31/2017,Cowlitz,Truck,0,0,0,28153,28153,0
1/31/2018,Cowlitz,Passenger,54,69,123,70971,71094,0.17
1/31/2018,Cowlitz,Truck,0,0,0,28205,28205,0
2/28/2018,Cowlitz,Truck,0,0,0,28187,28187,0
2/28/2018,Cowlitz,Passenger,54,70,124,70936,71060,0.17
3/31/2018,Cowlitz,Passenger,55,70,125,71220,71345,0.18
3/31/2018,Cowlitz,Truck,0,0,0,28275,28275,0
4/30/2018,Cowlitz,Passenger,55,73,128,71354,71482,0.18
4/30/2018,Cowlitz,Truck,0,0,0,28295,28295,0
5/31/2018,Cowlitz,Passenger,58,75,133,71513,71646,0.19
5/31/2018,Cowlitz,Truck,0,0,0,28362,28362,0
6/30/2018,Cowlitz,Passenger,55,74,129,71727,71856,0.18
6/30/2018,Cowlitz,Truck,0,0,0,28463,28463,0
7/31/2018,Cowlitz,Passenger,57,77,134,71867,72001,0.19
7/31/2018,Cowlitz,Truck,0,0,0,28562,28562,0
8/31/2018,Cowlitz,Truck,0,0,0,28609,28609,0
8/31/2018,Cowlitz,Passenger,62,81,143,71987,72130,0.2
9/30/2018,Cowlitz,Passenger,63,85,148,72021,72169,0.21
9/30/2018,Cowlitz,Truck,0,0,0,28603,28603,0
10/31/2018,Cowlitz,Passenger,69,86,155,72151,72306,0.21
10/31/2018,Cowlitz,Truck,0,0,0,28669,28669,0
11/30/2018,Cowlitz,Truck,0,0,0,28725,28725,0
11/30/2018,Cowlitz,Passenger,69,91,160,72369,72529,0.22
12/31/2018,Cowlitz,Passenger,72,94,166,72433,72599,0.23
12/31/2018,Cowlitz,Truck,0,0,0,28741,28741,0
1/31/2019,Cowlitz,Passenger,79,96,175,72556,72731,0.24
1/31/2019,Cowlitz,Truck,0,0,0,28730,28730,0
2/28/2019,Cowlitz,Passenger,82,100,182,72441,72623,0.25
2/28/2019,Cowlitz,Truck,0,0,0,28731,28731,0
3/31/2019,Cowlitz,Passenger,84,101,185,72546,72731,0.25
3/31/2019,Cowlitz,Truck,0,0,0,28788,28788,0
4/30/2019,Cowlitz,Truck,0,0,0,28858,28858,0
4/30/2019,Cowlitz,Passenger,89,101,190,72750,72940,0.26
5/31/2019,Cowlitz,Passenger,95,107,202,72914,73116,0.28
5/31/2019,Cowlitz,Truck,0,0,0,28849,28849,0
6/30/2019,Cowlitz,Passenger,98,108,206,73021,73227,0.28
6/30/2019,Cowlitz,Truck,0,0,0,28872,28872,0
7/31/2019,Cowlitz,Truck,0,0,0,28874,28874,0
7/31/2019,Cowlitz,Passenger,106,107,213,73147,73360,0.29
8/31/2019,Cowlitz,Passenger,107,108,215,73294,73509,0.29
8/31/2019,Cowlitz,Truck,0,0,0,28905,28905,0
9/30/2019,Cowlitz,Passenger,106,106,212,73319,73531,0.29
9/30/2019,Cowlitz,Truck,0,0,0,28964,28964,0
10/31/2019,Cowlitz,Passenger,112,106,218,73578,73796,0.3
10/31/2019,Cowlitz,Truck,0,0,0,29028,29028,0
11/30/2019,Cowlitz,Passenger,114,106,220,73602,73822,0.3
11/30/2019,Cowlitz,Truck,0,0,0,29034,29034,0
12/31/2019,Cowlitz,Passenger,118,107,225,73655,73880,0.3
12/31/2019,Cowlitz,Truck,0,0,0,29039,29039,0
1/31/2020,Cowlitz,Truck,0,0,0,29031,29031,0
1/31/2020,Cowlitz,Passenger,127,111,238,73613,73851,0.32
2/29/2020,Cowlitz,Truck,0,0,0,28996,28996,0
2/29/2020,Cowlitz,Passenger,128,111,239,73470,73709,0.32
3/31/2020,Cowlitz,Truck,0,0,0,28853,28853,0
3/31/2020,Cowlitz,Passenger,134,114,248,73177,73425,0.34
4/30/2020,Cowlitz,Truck,0,0,0,28766,28766,0
4/30/2020,Cowlitz,Passenger,136,115,251,72727,72978,0.34
5/31/2020,Cowlitz,Truck,0,0,0,28760,28760,0
5/31/2020,Cowlitz,Passenger,136,115,251,72368,72619,0.35
6/30/2020,Cowlitz,Passenger,138,115,253,72325,72578,0.35
6/30/2020,Cowlitz,Truck,0,0,0,28869,28869,0
7/31/2020,Cowlitz,Truck,0,0,0,28880,28880,0
7/31/2020,Cowlitz,Passenger,146,117,263,72239,72502,0.36
8/31/2020,Cowlitz,Passenger,152,120,272,72135,72407,0.38
8/31/2020,Cowlitz,Truck,0,0,0,28913,28913,0
9/30/2020,Cowlitz,Passenger,157,120,277,72164,72441,0.38
9/30/2020,Cowlitz,Truck,0,0,0,28939,28939,0
10/31/2020,Cowlitz,Passenger,160,122,282,72102,72384,0.39
10/31/2020,Cowlitz,Truck,0,0,0,28896,28896,0
11/30/2020,Cowlitz,Truck,0,0,0,28870,28870,0
11/30/2020,Cowlitz,Passenger,170,124,294,72017,72311,0.41
12/31/2020,Cowlitz,Truck,0,0,0,28930,28930,0
12/31/2020,Cowlitz,Passenger,177,127,304,72120,72424,0.42
1/31/2021,Cowlitz,Truck,0,0,0,28970,28970,0
1/31/2021,Cowlitz,Passenger,188,129,317,72164,72481,0.44
2/28/2021,Cowlitz,Passenger,194,130,324,71938,72262,0.45
2/28/2021,Cowlitz,Truck,0,0,0,28973,28973,0
3/31/2021,Cowlitz,Truck,0,0,0,29050,29050,0
3/31/2021,Cowlitz,Passenger,197,133,330,72164,72494,0.46
4/30/2021,Cowlitz,Passenger,211,134,345,72522,72867,0.47
4/30/2021,Cowlitz,Truck,0,0,0,29173,29173,0
5/31/2021,Cowlitz,Truck,0,0,0,29141,29141,0
5/31/2021,Cowlitz,Passenger,218,136,354,72452,72806,0.49
6/30/2021,Cowlitz,Truck,0,0,0,29121,29121,0
6/30/2021,Cowlitz,Passenger,224,142,366,72357,72723,0.5
7/31/2021,Cowlitz,Truck,0,0,0,29115,29115,0
7/31/2021,Cowlitz,Passenger,229,146,375,72255,72630,0.52
8/31/2021,Cowlitz,Truck,0,1,1,29089,29090,0
8/31/2021,Cowlitz,Passenger,237,152,389,72128,72517,0.54
9/30/2021,Cowlitz,Passenger,246,154,400,72044,72444,0.55
9/30/2021,Cowlitz,Truck,0,1,1,29040,29041,0
10/31/2021,Cowlitz,Passenger,258,154,412,71867,72279,0.57
10/31/2021,Cowlitz,Truck,0,1,1,29073,29074,0
11/30/2021,Cowlitz,Truck,0,1,1,29031,29032,0
11/30/2021,Cowlitz,Passenger,265,159,424,71783,72207,0.59
12/31/2021,Cowlitz,Passenger,274,163,437,71571,72008,0.61
12/31/2021,Cowlitz,Truck,0,1,1,29002,29003,0
1/31/2022,Cowlitz,Truck,0,1,1,28927,28928,0
1/31/2022,Cowlitz,Passenger,273,164,437,71325,71762,0.61
2/28/2022,Cowlitz,Truck,0,1,1,28913,28914,0
2/28/2022,Cowlitz,Passenger,280,168,448,71271,71719,0.62
3/31/2022,Cowlitz,Passenger,293,172,465,71094,71559,0.65
3/31/2022,Cowlitz,Truck,0,1,1,28874,28875,0
4/30/2022,Cowlitz,Truck,0,1,1,28741,28742,0
4/30/2022,Cowlitz,Passenger,314,172,486,70929,71415,0.68
5/31/2022,Cowlitz,Passenger,322,175,497,70724,71221,0.7
5/31/2022,Cowlitz,Truck,1,1,2,28612,28614,0.01
6/30/2022,Cowlitz,Truck,2,1,3,28571,28574,0.01
6/30/2022,Cowlitz,Passenger,336,172,508,70759,71267,0.71
7/31/2022,Cowlitz,Passenger,349,171,520,70599,71119,0.73
7/31/2022,Cowlitz,Truck,2,0,2,28499,28501,0.01
8/31/2022,Cowlitz,Passenger,353,172,525,70489,71014,0.74
8/31/2022,Cowlitz,Truck,2,0,2,28471,28473,0.01
9/30/2022,Cowlitz,Truck,3,0,3,28478,28481,0.01
9/30/2022,Cowlitz,Passenger,368,180,548,70417,70965,0.77
10/31/2022,Cowlitz,Truck,4,0,4,28452,28456,0.01
10/31/2022,Cowlitz,Passenger,381,184,565,70325,70890,0.8
11/30/2022,Cowlitz,Passenger,389,189,578,70253,70831,0.82
11/30/2022,Cowlitz,Truck,4,0,4,28395,28399,0.01
12/31/2022,Cowlitz,Truck,4,0,4,28337,28341,0.01
12/31/2022,Cowlitz,Passenger,405,188,593,70254,70847,0.84
1/31/2023,Cowlitz,Passenger,418,191,609,70102,70711,0.86
1/31/2023,Cowlitz,Truck,7,0,7,28271,28278,0.02
2/28/2023,Cowlitz,Truck,7,0,7,28198,28205,0.02
2/28/2023,Cowlitz,Passenger,425,190,615,69963,70578,0.87
3/31/2023,Cowlitz,Truck,7,0,7,27992,27999,0.03
3/31/2023,Cowlitz,Passenger,433,191,624,69557,70181,0.89
4/30/2023,Cowlitz,Passenger,432,199,631,69047,69678,0.91
4/30/2023,Cowlitz,Truck,8,0,8,27755,27763,0.03
5/31/2023,Cowlitz,Passenger,448,199,647,68240,68887,0.94
5/31/2023,Cowlitz,Truck,8,0,8,27383,27391,0.03
1/31/2017,Douglas,Truck,0,0,0,11426,11426,0
1/31/2017,Douglas,Passenger,29,19,48,26577,26625,0.18
2/28/2017,Douglas,Passenger,30,19,49,26544,26593,0.18
2/28/2017,Douglas,Truck,0,0,0,11387,11387,0
3/31/2017,Douglas,Passenger,29,19,48,26589,26637,0.18
3/31/2017,Douglas,Truck,0,0,0,11441,11441,0
4/30/2017,Douglas,Truck,0,0,0,11451,11451,0
4/30/2017,Douglas,Passenger,31,21,52,26600,26652,0.2
5/31/2017,Douglas,Passenger,32,23,55,26681,26736,0.21
5/31/2017,Douglas,Truck,0,0,0,11484,11484,0
6/30/2017,Douglas,Truck,0,0,0,11527,11527,0
6/30/2017,Douglas,Passenger,34,26,60,26714,26774,0.22
7/31/2017,Douglas,Passenger,35,26,61,26754,26815,0.23
7/31/2017,Douglas,Truck,0,0,0,11515,11515,0
8/31/2017,Douglas,Truck,0,0,0,11570,11570,0
8/31/2017,Douglas,Passenger,35,27,62,26833,26895,0.23
9/30/2017,Douglas,Passenger,35,29,64,26924,26988,0.24
9/30/2017,Douglas,Truck,0,0,0,11592,11592,0
10/31/2017,Douglas,Passenger,36,32,68,26965,27033,0.25
10/31/2017,Douglas,Truck,0,0,0,11656,11656,0
11/30/2017,Douglas,Passenger,37,33,70,27070,27140,0.26
11/30/2017,Douglas,Truck,0,0,0,11702,11702,0
12/31/2017,Douglas,Passenger,38,33,71,27169,27240,0.26
12/31/2017,Douglas,Truck,0,0,0,11757,11757,0
1/31/2018,Douglas,Passenger,43,33,76,27221,27297,0.28
1/31/2018,Douglas,Truck,0,0,0,11790,11790,0
2/28/2018,Douglas,Passenger,43,33,76,27314,27390,0.28
2/28/2018,Douglas,Truck,0,0,0,11812,11812,0
3/31/2018,Douglas,Truck,0,0,0,11857,11857,0
3/31/2018,Douglas,Passenger,42,33,75,27414,27489,0.27
4/30/2018,Douglas,Passenger,41,32,73,27437,27510,0.27
4/30/2018,Douglas,Truck,0,0,0,11882,11882,0
5/31/2018,Douglas,Passenger,44,31,75,27540,27615,0.27
5/31/2018,Douglas,Truck,0,0,0,11900,11900,0
6/30/2018,Douglas,Passenger,43,31,74,27647,27721,0.27
6/30/2018,Douglas,Truck,0,0,0,11947,11947,0
7/31/2018,Douglas,Passenger,43,32,75,27716,27791,0.27
7/31/2018,Douglas,Truck,0,0,0,11969,11969,0
8/31/2018,Douglas,Truck,0,0,0,12026,12026,0
8/31/2018,Douglas,Passenger,45,31,76,27789,27865,0.27
9/30/2018,Douglas,Passenger,48,33,81,27847,27928,0.29
9/30/2018,Douglas,Truck,0,0,0,12010,12010,0
10/31/2018,Douglas,Passenger,47,33,80,27893,27973,0.29
10/31/2018,Douglas,Truck,0,0,0,12075,12075,0
11/30/2018,Douglas,Truck,0,0,0,12121,12121,0
11/30/2018,Douglas,Passenger,49,33,82,27967,28049,0.29
12/31/2018,Douglas,Truck,0,0,0,12158,12158,0
12/31/2018,Douglas,Passenger,50,34,84,28010,28094,0.3
1/31/2019,Douglas,Truck,0,0,0,12170,12170,0
1/31/2019,Douglas,Passenger,51,35,86,28012,28098,0.31
2/28/2019,Douglas,Passenger,52,35,87,27940,28027,0.31
2/28/2019,Douglas,Truck,0,0,0,12164,12164,0
3/31/2019,Douglas,Passenger,53,34,87,27890,27977,0.31
3/31/2019,Douglas,Truck,0,0,0,12154,12154,0
4/30/2019,Douglas,Truck,0,0,0,12173,12173,0
4/30/2019,Douglas,Passenger,55,34,89,27973,28062,0.32
5/31/2019,Douglas,Truck,0,0,0,12179,12179,0
5/31/2019,Douglas,Passenger,56,36,92,28006,28098,0.33
6/30/2019,Douglas,Truck,0,0,0,12181,12181,0
6/30/2019,Douglas,Passenger,57,37,94,28034,28128,0.33
7/31/2019,Douglas,Truck,0,0,0,12220,12220,0
7/31/2019,Douglas,Passenger,60,37,97,28080,28177,0.34
8/31/2019,Douglas,Truck,0,0,0,12263,12263,0
8/31/2019,Douglas,Passenger,61,36,97,28183,28280,0.34
9/30/2019,Douglas,Passenger,62,37,99,28208,28307,0.35
9/30/2019,Douglas,Truck,0,0,0,12274,12274,0
10/31/2019,Douglas,Passenger,63,38,101,28274,28375,0.36
10/31/2019,Douglas,Truck,0,0,0,12292,12292,0
11/30/2019,Douglas,Passenger,65,38,103,28290,28393,0.36
11/30/2019,Douglas,Truck,0,0,0,12298,12298,0
12/31/2019,Douglas,Passenger,67,38,105,28302,28407,0.37
12/31/2019,Douglas,Truck,0,0,0,12305,12305,0
1/31/2020,Douglas,Passenger,69,39,108,28370,28478,0.38
1/31/2020,Douglas,Truck,0,0,0,12309,12309,0
2/29/2020,Douglas,Passenger,69,40,109,28274,28383,0.38
2/29/2020,Douglas,Truck,0,0,0,12317,12317,0
3/31/2020,Douglas,Truck,0,0,0,12330,12330,0
3/31/2020,Douglas,Passenger,71,40,111,28177,28288,0.39
4/30/2020,Douglas,Truck,0,0,0,12268,12268,0
4/30/2020,Douglas,Passenger,69,40,109,28019,28128,0.39
5/31/2020,Douglas,Truck,0,0,0,12277,12277,0
5/31/2020,Douglas,Passenger,69,40,109,27966,28075,0.39
6/30/2020,Douglas,Passenger,71,40,111,28005,28116,0.39
6/30/2020,Douglas,Truck,0,0,0,12306,12306,0
7/31/2020,Douglas,Passenger,75,41,116,28054,28170,0.41
7/31/2020,Douglas,Truck,0,0,0,12350,12350,0
8/31/2020,Douglas,Truck,0,0,0,12337,12337,0
8/31/2020,Douglas,Passenger,77,41,118,28014,28132,0.42
9/30/2020,Douglas,Passenger,79,45,124,28044,28168,0.44
9/30/2020,Douglas,Truck,0,0,0,12378,12378,0
10/31/2020,Douglas,Truck,0,0,0,12417,12417,0
10/31/2020,Douglas,Passenger,80,43,123,28073,28196,0.44
11/30/2020,Douglas,Passenger,82,43,125,28132,28257,0.44
11/30/2020,Douglas,Truck,0,0,0,12453,12453,0
12/31/2020,Douglas,Truck,0,0,0,12496,12496,0
12/31/2020,Douglas,Passenger,86,44,130,28197,28327,0.46
1/31/2021,Douglas,Truck,0,0,0,12508,12508,0
1/31/2021,Douglas,Passenger,84,46,130,28205,28335,0.46
2/28/2021,Douglas,Passenger,86,46,132,28255,28387,0.47
2/28/2021,Douglas,Truck,0,0,0,12520,12520,0
3/31/2021,Douglas,Truck,0,0,0,12560,12560,0
3/31/2021,Douglas,Passenger,86,47,133,28384,28517,0.47
4/30/2021,Douglas,Truck,0,0,0,12628,12628,0
4/30/2021,Douglas,Passenger,88,46,134,28478,28612,0.47
5/31/2021,Douglas,Truck,0,0,0,12666,12666,0
5/31/2021,Douglas,Passenger,92,47,139,28523,28662,0.48
6/30/2021,Douglas,Passenger,93,48,141,28522,28663,0.49
6/30/2021,Douglas,Truck,0,0,0,12687,12687,0
7/31/2021,Douglas,Passenger,100,51,151,28507,28658,0.53
7/31/2021,Douglas,Truck,0,0,0,12699,12699,0
8/31/2021,Douglas,Truck,0,0,0,12685,12685,0
8/31/2021,Douglas,Passenger,103,51,154,28575,28729,0.54
9/30/2021,Douglas,Truck,0,0,0,12716,12716,0
9/30/2021,Douglas,Passenger,103,51,154,28571,28725,0.54
10/31/2021,Douglas,Truck,0,0,0,12680,12680,0
10/31/2021,Douglas,Passenger,103,51,154,28577,28731,0.54
11/30/2021,Douglas,Passenger,106,53,159,28610,28769,0.55
11/30/2021,Douglas,Truck,0,0,0,12694,12694,0
12/31/2021,Douglas,Truck,0,0,0,12701,12701,0
12/31/2021,Douglas,Passenger,116,56,172,28610,28782,0.6
1/31/2022,Douglas,Passenger,118,56,174,28586,28760,0.61
1/31/2022,Douglas,Truck,0,0,0,12682,12682,0
2/28/2022,Douglas,Truck,0,0,0,12686,12686,0
2/28/2022,Douglas,Passenger,122,55,177,28559,28736,0.62
3/31/2022,Douglas,Passenger,125,56,181,28532,28713,0.63
3/31/2022,Douglas,Truck,0,0,0,12726,12726,0
4/30/2022,Douglas,Passenger,126,57,183,28529,28712,0.64
4/30/2022,Douglas,Truck,0,0,0,12748,12748,0
5/31/2022,Douglas,Passenger,131,58,189,28519,28708,0.66
5/31/2022,Douglas,Truck,0,0,0,12771,12771,0
6/30/2022,Douglas,Passenger,131,58,189,28504,28693,0.66
6/30/2022,Douglas,Truck,0,0,0,12792,12792,0
7/31/2022,Douglas,Passenger,138,60,198,28407,28605,0.69
7/31/2022,Douglas,Truck,1,0,1,12750,12751,0.01
8/31/2022,Douglas,Passenger,141,60,201,28392,28593,0.7
8/31/2022,Douglas,Truck,1,0,1,12759,12760,0.01
9/30/2022,Douglas,Truck,1,0,1,12778,12779,0.01
9/30/2022,Douglas,Passenger,147,61,208,28444,28652,0.73
10/31/2022,Douglas,Passenger,158,59,217,28424,28641,0.76
10/31/2022,Douglas,Truck,2,0,2,12807,12809,0.02
11/30/2022,Douglas,Truck,2,0,2,12801,12803,0.02
11/30/2022,Douglas,Passenger,162,59,221,28483,28704,0.77
12/31/2022,Douglas,Truck,3,0,3,12809,12812,0.02
12/31/2022,Douglas,Passenger,168,59,227,28468,28695,0.79
1/31/2023,Douglas,Truck,5,0,5,12848,12853,0.04
1/31/2023,Douglas,Passenger,171,58,229,28523,28752,0.8
2/28/2023,Douglas,Passenger,178,59,237,28518,28755,0.82
2/28/2023,Douglas,Truck,6,0,6,12845,12851,0.05
3/31/2023,Douglas,Passenger,178,59,237,28478,28715,0.83
3/31/2023,Douglas,Truck,6,0,6,12803,12809,0.05
4/30/2023,Douglas,Passenger,186,61,247,28328,28575,0.86
4/30/2023,Douglas,Truck,7,0,7,12774,12781,0.05
5/31/2023,Douglas,Truck,7,0,7,12658,12665,0.06
5/31/2023,Douglas,Passenger,193,59,252,28091,28343,0.89
1/31/2017,Ferry,Truck,0,0,0,3581,3581,0
1/31/2017,Ferry,Passenger,2,1,3,4386,4389,0.07
2/28/2017,Ferry,Passenger,2,1,3,4391,4394,0.07
2/28/2017,Ferry,Truck,0,0,0,3562,3562,0
3/31/2017,Ferry,Passenger,2,1,3,4386,4389,0.07
3/31/2017,Ferry,Truck,0,0,0,3554,3554,0
4/30/2017,Ferry,Passenger,2,1,3,4397,4400,0.07
4/30/2017,Ferry,Truck,0,0,0,3549,3549,0
5/31/2017,Ferry,Truck,0,0,0,3544,3544,0
5/31/2017,Ferry,Passenger,1,1,2,4409,4411,0.05
6/30/2017,Ferry,Truck,0,0,0,3537,3537,0
6/30/2017,Ferry,Passenger,1,1,2,4394,4396,0.05
7/31/2017,Ferry,Passenger,1,1,2,4400,4402,0.05
7/31/2017,Ferry,Truck,0,0,0,3526,3526,0
8/31/2017,Ferry,Truck,0,0,0,3532,3532,0
8/31/2017,Ferry,Passenger,1,1,2,4396,4398,0.05
9/30/2017,Ferry,Passenger,1,1,2,4380,4382,0.05
9/30/2017,Ferry,Truck,0,0,0,3538,3538,0
10/31/2017,Ferry,Truck,0,0,0,3549,3549,0
10/31/2017,Ferry,Passenger,1,1,2,4396,4398,0.05
11/30/2017,Ferry,Passenger,1,3,4,4408,4412,0.09
11/30/2017,Ferry,Truck,0,0,0,3544,3544,0
12/31/2017,Ferry,Passenger,1,3,4,4402,4406,0.09
12/31/2017,Ferry,Truck,0,0,0,3522,3522,0
1/31/2018,Ferry,Passenger,1,3,4,4408,4412,0.09
1/31/2018,Ferry,Truck,0,0,0,3543,3543,0
2/28/2018,Ferry,Passenger,1,3,4,4397,4401,0.09
2/28/2018,Ferry,Truck,0,0,0,3527,3527,0
3/31/2018,Ferry,Passenger,1,3,4,4405,4409,0.09
3/31/2018,Ferry,Truck,0,0,0,3504,3504,0
4/30/2018,Ferry,Truck,0,0,0,3499,3499,0
4/30/2018,Ferry,Passenger,2,3,5,4415,4420,0.11
5/31/2018,Ferry,Truck,0,0,0,3504,3504,0
5/31/2018,Ferry,Passenger,2,3,5,4418,4423,0.11
6/30/2018,Ferry,Passenger,3,3,6,4426,4432,0.14
6/30/2018,Ferry,Truck,0,0,0,3513,3513,0
7/31/2018,Ferry,Passenger,3,3,6,4425,4431,0.14
7/31/2018,Ferry,Truck,0,0,0,3536,3536,0
8/31/2018,Ferry,Truck,0,0,0,3552,3552,0
8/31/2018,Ferry,Passenger,2,2,4,4421,4425,0.09
9/30/2018,Ferry,Passenger,2,2,4,4407,4411,0.09
9/30/2018,Ferry,Truck,0,0,0,3561,3561,0
10/31/2018,Ferry,Truck,0,0,0,3567,3567,0
10/31/2018,Ferry,Passenger,3,2,5,4407,4412,0.11
11/30/2018,Ferry,Truck,0,0,0,3583,3583,0
11/30/2018,Ferry,Passenger,3,2,5,4384,4389,0.11
12/31/2018,Ferry,Passenger,3,2,5,4384,4389,0.11
12/31/2018,Ferry,Truck,0,0,0,3586,3586,0
1/31/2019,Ferry,Truck,0,0,0,3591,3591,0
1/31/2019,Ferry,Passenger,3,2,5,4389,4394,0.11
2/28/2019,Ferry,Passenger,3,2,5,4378,4383,0.11
2/28/2019,Ferry,Truck,0,0,0,3593,3593,0
3/31/2019,Ferry,Passenger,3,2,5,4363,4368,0.11
3/31/2019,Ferry,Truck,0,0,0,3595,3595,0
4/30/2019,Ferry,Passenger,4,2,6,4371,4377,0.14
4/30/2019,Ferry,Truck,0,0,0,3593,3593,0
5/31/2019,Ferry,Passenger,5,2,7,4381,4388,0.16
5/31/2019,Ferry,Truck,0,0,0,3590,3590,0
6/30/2019,Ferry,Truck,0,0,0,3571,3571,0
6/30/2019,Ferry,Passenger,5,2,7,4388,4395,0.16
7/31/2019,Ferry,Truck,0,0,0,3581,3581,0
7/31/2019,Ferry,Passenger,5,2,7,4399,4406,0.16
8/31/2019,Ferry,Truck,0,0,0,3579,3579,0
8/31/2019,Ferry,Passenger,5,2,7,4414,4421,0.16
9/30/2019,Ferry,Truck,0,0,0,3583,3583,0
9/30/2019,Ferry,Passenger,5,2,7,4423,4430,0.16
10/31/2019,Ferry,Truck,0,0,0,3575,3575,0
10/31/2019,Ferry,Passenger,5,2,7,4425,4432,0.16
11/30/2019,Ferry,Passenger,5,2,7,4414,4421,0.16
11/30/2019,Ferry,Truck,0,0,0,3581,3581,0
12/31/2019,Ferry,Passenger,5,2,7,4398,4405,0.16
12/31/2019,Ferry,Truck,0,0,0,3580,3580,0
1/31/2020,Ferry,Passenger,5,2,7,4381,4388,0.16
1/31/2020,Ferry,Truck,0,0,0,3586,3586,0
2/29/2020,Ferry,Passenger,5,2,7,4373,4380,0.16
2/29/2020,Ferry,Truck,0,0,0,3581,3581,0
3/31/2020,Ferry,Passenger,5,3,8,4365,4373,0.18
3/31/2020,Ferry,Truck,0,0,0,3564,3564,0
4/30/2020,Ferry,Passenger,5,3,8,4331,4339,0.18
4/30/2020,Ferry,Truck,0,0,0,3541,3541,0
5/31/2020,Ferry,Passenger,5,3,8,4331,4339,0.18
5/31/2020,Ferry,Truck,0,0,0,3538,3538,0
6/30/2020,Ferry,Passenger,5,3,8,4330,4338,0.18
6/30/2020,Ferry,Truck,0,0,0,3553,3553,0
7/31/2020,Ferry,Truck,0,0,0,3566,3566,0
7/31/2020,Ferry,Passenger,7,3,10,4330,4340,0.23
8/31/2020,Ferry,Truck,0,0,0,3580,3580,0
8/31/2020,Ferry,Passenger,7,3,10,4309,4319,0.23
9/30/2020,Ferry,Passenger,8,3,11,4305,4316,0.25
9/30/2020,Ferry,Truck,0,0,0,3580,3580,0
10/31/2020,Ferry,Passenger,8,3,11,4351,4362,0.25
10/31/2020,Ferry,Truck,0,0,0,3595,3595,0
11/30/2020,Ferry,Truck,0,0,0,3596,3596,0
11/30/2020,Ferry,Passenger,8,3,11,4347,4358,0.25
12/31/2020,Ferry,Truck,0,0,0,3605,3605,0
12/31/2020,Ferry,Passenger,9,3,12,4361,4373,0.27
1/31/2021,Ferry,Passenger,9,3,12,4341,4353,0.28
1/31/2021,Ferry,Truck,0,0,0,3604,3604,0
2/28/2021,Ferry,Passenger,10,3,13,4332,4345,0.3
2/28/2021,Ferry,Truck,0,0,0,3622,3622,0
3/31/2021,Ferry,Truck,0,0,0,3622,3622,0
3/31/2021,Ferry,Passenger,10,3,13,4349,4362,0.3
4/30/2021,Ferry,Passenger,10,3,13,4406,4419,0.29
4/30/2021,Ferry,Truck,0,0,0,3648,3648,0
5/31/2021,Ferry,Truck,0,0,0,3660,3660,0
5/31/2021,Ferry,Passenger,9,3,12,4373,4385,0.27
6/30/2021,Ferry,Truck,0,0,0,3641,3641,0
6/30/2021,Ferry,Passenger,9,3,12,4373,4385,0.27
7/31/2021,Ferry,Truck,0,0,0,3646,3646,0
7/31/2021,Ferry,Passenger,9,3,12,4379,4391,0.27
8/31/2021,Ferry,Truck,0,0,0,3632,3632,0
8/31/2021,Ferry,Passenger,9,3,12,4389,4401,0.27
9/30/2021,Ferry,Passenger,10,3,13,4403,4416,0.29
9/30/2021,Ferry,Truck,0,0,0,3592,3592,0
10/31/2021,Ferry,Truck,0,0,0,3592,3592,0
10/31/2021,Ferry,Passenger,11,3,14,4446,4460,0.31
11/30/2021,Ferry,Truck,0,0,0,3600,3600,0
11/30/2021,Ferry,Passenger,13,3,16,4457,4473,0.36
12/31/2021,Ferry,Truck,0,0,0,3596,3596,0
12/31/2021,Ferry,Passenger,14,3,17,4442,4459,0.38
1/31/2022,Ferry,Truck,0,0,0,3582,3582,0
1/31/2022,Ferry,Passenger,14,3,17,4436,4453,0.38
2/28/2022,Ferry,Truck,0,0,0,3567,3567,0
2/28/2022,Ferry,Passenger,15,3,18,4443,4461,0.4
3/31/2022,Ferry,Passenger,17,3,20,4431,4451,0.45
3/31/2022,Ferry,Truck,0,0,0,3571,3571,0
4/30/2022,Ferry,Truck,0,0,0,3569,3569,0
4/30/2022,Ferry,Passenger,19,4,23,4407,4430,0.52
5/31/2022,Ferry,Passenger,20,4,24,4435,4459,0.54
5/31/2022,Ferry,Truck,0,0,0,3570,3570,0
6/30/2022,Ferry,Truck,0,0,0,3578,3578,0
6/30/2022,Ferry,Passenger,19,4,23,4410,4433,0.52
7/31/2022,Ferry,Truck,0,0,0,3568,3568,0
7/31/2022,Ferry,Passenger,21,4,25,4379,4404,0.57
8/31/2022,Ferry,Truck,0,0,0,3587,3587,0
8/31/2022,Ferry,Passenger,20,4,24,4398,4422,0.54
9/30/2022,Ferry,Passenger,22,4,26,4400,4426,0.59
9/30/2022,Ferry,Truck,0,0,0,3617,3617,0
10/31/2022,Ferry,Passenger,24,4,28,4382,4410,0.63
10/31/2022,Ferry,Truck,0,0,0,3590,3590,0
11/30/2022,Ferry,Truck,0,0,0,3573,3573,0
11/30/2022,Ferry,Passenger,24,4,28,4366,4394,0.64
12/31/2022,Ferry,Truck,0,0,0,3536,3536,0
12/31/2022,Ferry,Passenger,24,4,28,4334,4362,0.64
1/31/2023,Ferry,Truck,0,0,0,3535,3535,0
1/31/2023,Ferry,Passenger,24,4,28,4334,4362,0.64
2/28/2023,Ferry,Passenger,22,4,26,4320,4346,0.6
2/28/2023,Ferry,Truck,0,0,0,3544,3544,0
3/31/2023,Ferry,Passenger,20,4,24,4302,4326,0.55
3/31/2023,Ferry,Truck,0,0,0,3534,3534,0
4/30/2023,Ferry,Passenger,20,4,24,4289,4313,0.56
4/30/2023,Ferry,Truck,0,0,0,3511,3511,0
5/31/2023,Ferry,Passenger,21,4,25,4227,4252,0.59
5/31/2023,Ferry,Truck,0,0,0,3468,3468,0
1/31/2017,Franklin,Passenger,27,42,69,55402,55471,0.12
1/31/2017,Franklin,Truck,0,0,0,17912,17912,0
2/28/2017,Franklin,Truck,0,0,0,17907,17907,0
2/28/2017,Franklin,Passenger,26,42,68,55221,55289,0.12
3/31/2017,Franklin,Truck,0,0,0,17959,17959,0
3/31/2017,Franklin,Passenger,26,47,73,55311,55384,0.13
4/30/2017,Franklin,Truck,0,0,0,17995,17995,0
4/30/2017,Franklin,Passenger,27,47,74,55348,55422,0.13
5/31/2017,Franklin,Passenger,28,44,72,55459,55531,0.13
5/31/2017,Franklin,Truck,0,0,0,18090,18090,0
6/30/2017,Franklin,Passenger,26,45,71,55614,55685,0.13
6/30/2017,Franklin,Truck,0,0,0,18122,18122,0
7/31/2017,Franklin,Passenger,26,47,73,55734,55807,0.13
7/31/2017,Franklin,Truck,0,0,0,18175,18175,0
8/31/2017,Franklin,Truck,0,0,0,18234,18234,0
8/31/2017,Franklin,Passenger,27,48,75,55926,56001,0.13
9/30/2017,Franklin,Truck,0,0,0,18248,18248,0
9/30/2017,Franklin,Passenger,29,48,77,56178,56255,0.14
10/31/2017,Franklin,Passenger,31,49,80,56505,56585,0.14
10/31/2017,Franklin,Truck,0,0,0,18324,18324,0
11/30/2017,Franklin,Passenger,31,48,79,56678,56757,0.14
11/30/2017,Franklin,Truck,0,0,0,18414,18414,0
12/31/2017,Franklin,Truck,0,0,0,18491,18491,0
12/31/2017,Franklin,Passenger,30,50,80,56857,56937,0.14
1/31/2018,Franklin,Passenger,31,51,82,57009,57091,0.14
1/31/2018,Franklin,Truck,0,0,0,18562,18562,0
2/28/2018,Franklin,Passenger,32,51,83,57004,57087,0.15
2/28/2018,Franklin,Truck,0,0,0,18576,18576,0
3/31/2018,Franklin,Passenger,34,55,89,57209,57298,0.16
3/31/2018,Franklin,Truck,0,0,0,18616,18616,0
4/30/2018,Franklin,Passenger,37,59,96,57400,57496,0.17
4/30/2018,Franklin,Truck,0,0,0,18596,18596,0
5/31/2018,Franklin,Truck,0,0,0,18643,18643,0
5/31/2018,Franklin,Passenger,38,63,101,57690,57791,0.17
6/30/2018,Franklin,Passenger,39,66,105,57855,57960,0.18
6/30/2018,Franklin,Truck,0,0,0,18662,18662,0
7/31/2018,Franklin,Truck,0,0,0,18740,18740,0
7/31/2018,Franklin,Passenger,38,66,104,58173,58277,0.18
8/31/2018,Franklin,Truck,0,0,0,18794,18794,0
8/31/2018,Franklin,Passenger,36,65,101,58368,58469,0.17
9/30/2018,Franklin,Passenger,37,65,102,58508,58610,0.17
9/30/2018,Franklin,Truck,0,0,0,18876,18876,0
10/31/2018,Franklin,Truck,0,0,0,18952,18952,0
10/31/2018,Franklin,Passenger,35,66,101,58747,58848,0.17
11/30/2018,Franklin,Passenger,38,64,102,58939,59041,0.17
11/30/2018,Franklin,Truck,0,0,0,18987,18987,0
12/31/2018,Franklin,Passenger,45,66,111,59120,59231,0.19
12/31/2018,Franklin,Truck,0,0,0,19057,19057,0
1/31/2019,Franklin,Passenger,49,68,117,59320,59437,0.2
1/31/2019,Franklin,Truck,0,0,0,19128,19128,0
2/28/2019,Franklin,Passenger,50,70,120,59295,59415,0.2
2/28/2019,Franklin,Truck,0,0,0,19116,19116,0
3/31/2019,Franklin,Passenger,52,68,120,59367,59487,0.2
3/31/2019,Franklin,Truck,0,0,0,19137,19137,0
4/30/2019,Franklin,Truck,0,0,0,19219,19219,0
4/30/2019,Franklin,Passenger,53,67,120,59463,59583,0.2
5/31/2019,Franklin,Truck,0,0,0,19252,19252,0
5/31/2019,Franklin,Passenger,52,70,122,59782,59904,0.2
6/30/2019,Franklin,Truck,0,0,0,19272,19272,0
6/30/2019,Franklin,Passenger,52,70,122,59908,60030,0.2
7/31/2019,Franklin,Passenger,53,71,124,60144,60268,0.21
7/31/2019,Franklin,Truck,0,0,0,19369,19369,0
8/31/2019,Franklin,Passenger,51,72,123,60232,60355,0.2
8/31/2019,Franklin,Truck,0,0,0,19494,19494,0
9/30/2019,Franklin,Passenger,51,73,124,60363,60487,0.21
9/30/2019,Franklin,Truck,0,0,0,19536,19536,0
10/31/2019,Franklin,Truck,0,0,0,19656,19656,0
10/31/2019,Franklin,Passenger,53,76,129,60628,60757,0.21
11/30/2019,Franklin,Passenger,53,75,128,60785,60913,0.21
11/30/2019,Franklin,Truck,0,0,0,19729,19729,0
12/31/2019,Franklin,Truck,0,0,0,19780,19780,0
12/31/2019,Franklin,Passenger,54,76,130,60982,61112,0.21
1/31/2020,Franklin,Truck,0,0,0,19852,19852,0
1/31/2020,Franklin,Passenger,57,76,133,61093,61226,0.22
2/29/2020,Franklin,Passenger,58,76,134,61129,61263,0.22
2/29/2020,Franklin,Truck,0,0,0,19898,19898,0
3/31/2020,Franklin,Truck,0,0,0,19902,19902,0
3/31/2020,Franklin,Passenger,58,77,135,61019,61154,0.22
4/30/2020,Franklin,Passenger,58,76,134,60735,60869,0.22
4/30/2020,Franklin,Truck,0,0,0,19845,19845,0
5/31/2020,Franklin,Truck,0,0,0,19870,19870,0
5/31/2020,Franklin,Passenger,58,75,133,60576,60709,0.22
6/30/2020,Franklin,Passenger,60,76,136,60647,60783,0.22
6/30/2020,Franklin,Truck,0,0,0,19973,19973,0
7/31/2020,Franklin,Passenger,65,79,144,60783,60927,0.24
7/31/2020,Franklin,Truck,0,0,0,20096,20096,0
8/31/2020,Franklin,Passenger,66,77,143,60798,60941,0.23
8/31/2020,Franklin,Truck,0,0,0,20188,20188,0
9/30/2020,Franklin,Passenger,68,76,144,60931,61075,0.24
9/30/2020,Franklin,Truck,0,0,0,20290,20290,0
10/31/2020,Franklin,Passenger,73,78,151,61106,61257,0.25
10/31/2020,Franklin,Truck,0,0,0,20375,20375,0
11/30/2020,Franklin,Truck,0,0,0,20380,20380,0
11/30/2020,Franklin,Passenger,78,80,158,61172,61330,0.26
12/31/2020,Franklin,Truck,0,0,0,20435,20435,0
12/31/2020,Franklin,Passenger,85,83,168,61374,61542,0.27
1/31/2021,Franklin,Passenger,89,85,174,61506,61680,0.28
1/31/2021,Franklin,Truck,0,0,0,20493,20493,0
2/28/2021,Franklin,Truck,0,0,0,20512,20512,0
2/28/2021,Franklin,Passenger,92,87,179,61613,61792,0.29
3/31/2021,Franklin,Passenger,100,88,188,61674,61862,0.3
3/31/2021,Franklin,Truck,0,0,0,20610,20610,0
4/30/2021,Franklin,Truck,0,0,0,20685,20685,0
4/30/2021,Franklin,Passenger,109,95,204,61954,62158,0.33
5/31/2021,Franklin,Passenger,117,95,212,61966,62178,0.34
5/31/2021,Franklin,Truck,0,0,0,20655,20655,0
6/30/2021,Franklin,Passenger,123,97,220,62024,62244,0.35
6/30/2021,Franklin,Truck,0,0,0,20699,20699,0
7/31/2021,Franklin,Passenger,134,97,231,62064,62295,0.37
7/31/2021,Franklin,Truck,0,0,0,20727,20727,0
8/31/2021,Franklin,Truck,0,0,0,20720,20720,0
8/31/2021,Franklin,Passenger,139,99,238,61959,62197,0.38
9/30/2021,Franklin,Passenger,138,100,238,62131,62369,0.38
9/30/2021,Franklin,Truck,0,0,0,20719,20719,0
10/31/2021,Franklin,Truck,0,0,0,20774,20774,0
10/31/2021,Franklin,Passenger,144,102,246,62087,62333,0.39
11/30/2021,Franklin,Truck,0,0,0,20783,20783,0
11/30/2021,Franklin,Passenger,153,103,256,62285,62541,0.41
12/31/2021,Franklin,Passenger,161,104,265,62314,62579,0.42
12/31/2021,Franklin,Truck,0,0,0,20852,20852,0
1/31/2022,Franklin,Passenger,168,101,269,62161,62430,0.43
1/31/2022,Franklin,Truck,0,0,0,20892,20892,0
2/28/2022,Franklin,Passenger,174,102,276,62083,62359,0.44
2/28/2022,Franklin,Truck,0,0,0,20926,20926,0
3/31/2022,Franklin,Passenger,178,106,284,62095,62379,0.46
3/31/2022,Franklin,Truck,0,0,0,20941,20941,0
4/30/2022,Franklin,Passenger,178,105,283,62010,62293,0.45
4/30/2022,Franklin,Truck,0,0,0,20943,20943,0
5/31/2022,Franklin,Passenger,180,110,290,62038,62328,0.47
5/31/2022,Franklin,Truck,0,0,0,20928,20928,0
6/30/2022,Franklin,Passenger,185,109,294,62015,62309,0.47
6/30/2022,Franklin,Truck,0,0,0,20903,20903,0
7/31/2022,Franklin,Passenger,202,110,312,61880,62192,0.5
7/31/2022,Franklin,Truck,1,0,1,20877,20878,0
8/31/2022,Franklin,Passenger,223,113,336,61978,62314,0.54
8/31/2022,Franklin,Truck,2,0,2,20905,20907,0.01
9/30/2022,Franklin,Truck,2,0,2,20928,20930,0.01
9/30/2022,Franklin,Passenger,231,112,343,61951,62294,0.55
10/31/2022,Franklin,Passenger,239,113,352,61820,62172,0.57
10/31/2022,Franklin,Truck,2,0,2,20869,20871,0.01
11/30/2022,Franklin,Passenger,246,118,364,61773,62137,0.59
11/30/2022,Franklin,Truck,3,0,3,20923,20926,0.01
12/31/2022,Franklin,Passenger,252,121,373,61705,62078,0.6
12/31/2022,Franklin,Truck,4,0,4,20931,20935,0.02
1/31/2023,Franklin,Passenger,262,125,387,61717,62104,0.62
1/31/2023,Franklin,Truck,4,0,4,20904,20908,0.02
2/28/2023,Franklin,Truck,4,0,4,20862,20866,0.02
2/28/2023,Franklin,Passenger,274,129,403,61627,62030,0.65
3/31/2023,Franklin,Truck,5,0,5,20700,20705,0.02
3/31/2023,Franklin,Passenger,282,129,411,61414,61825,0.66
4/30/2023,Franklin,Passenger,296,132,428,61056,61484,0.7
4/30/2023,Franklin,Truck,4,0,4,20555,20559,0.02
5/31/2023,Franklin,Truck,4,0,4,20211,20215,0.02
5/31/2023,Franklin,Passenger,295,135,430,60244,60674,0.71
1/31/2017,Garfield,Truck,0,0,0,941,941,0
1/31/2017,Garfield,Passenger,0,0,0,1285,1285,0
2/28/2017,Garfield,Passenger,0,0,0,1290,1290,0
2/28/2017,Garfield,Truck,0,0,0,934,934,0
3/31/2017,Garfield,Passenger,0,0,0,1283,1283,0
3/31/2017,Garfield,Truck,0,0,0,940,940,0
4/30/2017,Garfield,Truck,0,0,0,938,938,0
4/30/2017,Garfield,Passenger,0,0,0,1283,1283,0
5/31/2017,Garfield,Truck,0,0,0,932,932,0
5/31/2017,Garfield,Passenger,0,0,0,1288,1288,0
6/30/2017,Garfield,Truck,0,0,0,940,940,0
6/30/2017,Garfield,Passenger,0,0,0,1296,1296,0
7/31/2017,Garfield,Truck,0,0,0,926,926,0
7/31/2017,Garfield,Passenger,0,0,0,1297,1297,0
8/31/2017,Garfield,Truck,0,0,0,932,932,0
8/31/2017,Garfield,Passenger,1,0,1,1302,1303,0.08
9/30/2017,Garfield,Passenger,1,0,1,1295,1296,0.08
9/30/2017,Garfield,Truck,0,0,0,940,940,0
10/31/2017,Garfield,Passenger,1,0,1,1315,1316,0.08
10/31/2017,Garfield,Truck,0,0,0,943,943,0
11/30/2017,Garfield,Passenger,1,0,1,1313,1314,0.08
11/30/2017,Garfield,Truck,0,0,0,937,937,0
12/31/2017,Garfield,Passenger,1,0,1,1321,1322,0.08
12/31/2017,Garfield,Truck,0,0,0,943,943,0
1/31/2018,Garfield,Passenger,1,0,1,1329,1330,0.08
1/31/2018,Garfield,Truck,0,0,0,945,945,0
2/28/2018,Garfield,Truck,0,0,0,942,942,0
2/28/2018,Garfield,Passenger,1,0,1,1323,1324,0.08
3/31/2018,Garfield,Truck,0,0,0,952,952,0
3/31/2018,Garfield,Passenger,1,0,1,1330,1331,0.08
4/30/2018,Garfield,Passenger,1,0,1,1330,1331,0.08
4/30/2018,Garfield,Truck,0,0,0,950,950,0
5/31/2018,Garfield,Passenger,1,1,2,1326,1328,0.15
5/31/2018,Garfield,Truck,0,0,0,956,956,0
6/30/2018,Garfield,Truck,0,0,0,950,950,0
6/30/2018,Garfield,Passenger,1,1,2,1316,1318,0.15
7/31/2018,Garfield,Passenger,1,1,2,1320,1322,0.15
7/31/2018,Garfield,Truck,0,0,0,956,956,0
8/31/2018,Garfield,Passenger,1,1,2,1318,1320,0.15
8/31/2018,Garfield,Truck,0,0,0,956,956,0
9/30/2018,Garfield,Truck,0,0,0,966,966,0
9/30/2018,Garfield,Passenger,1,1,2,1320,1322,0.15
10/31/2018,Garfield,Truck,0,0,0,960,960,0
10/31/2018,Garfield,Passenger,1,1,2,1330,1332,0.15
11/30/2018,Garfield,Truck,0,0,0,964,964,0
11/30/2018,Garfield,Passenger,1,1,2,1331,1333,0.15
12/31/2018,Garfield,Truck,0,0,0,965,965,0
12/31/2018,Garfield,Passenger,1,1,2,1329,1331,0.15
1/31/2019,Garfield,Passenger,1,1,2,1332,1334,0.15
1/31/2019,Garfield,Truck,0,0,0,962,962,0
2/28/2019,Garfield,Truck,0,0,0,961,961,0
2/28/2019,Garfield,Passenger,1,1,2,1325,1327,0.15
3/31/2019,Garfield,Truck,0,0,0,954,954,0
3/31/2019,Garfield,Passenger,1,1,2,1311,1313,0.15
4/30/2019,Garfield,Passenger,1,1,2,1299,1301,0.15
4/30/2019,Garfield,Truck,0,0,0,958,958,0
5/31/2019,Garfield,Truck,0,0,0,954,954,0
5/31/2019,Garfield,Passenger,1,1,2,1294,1296,0.15
6/30/2019,Garfield,Truck,0,0,0,964,964,0
6/30/2019,Garfield,Passenger,1,1,2,1299,1301,0.15
7/31/2019,Garfield,Truck,0,0,0,961,961,0
7/31/2019,Garfield,Passenger,1,1,2,1300,1302,0.15
8/31/2019,Garfield,Truck,0,0,0,959,959,0
8/31/2019,Garfield,Passenger,0,1,1,1308,1309,0.08
9/30/2019,Garfield,Truck,0,0,0,970,970,0
9/30/2019,Garfield,Passenger,0,1,1,1312,1313,0.08
10/31/2019,Garfield,Passenger,0,1,1,1302,1303,0.08
10/31/2019,Garfield,Truck,0,0,0,963,963,0
11/30/2019,Garfield,Truck,0,0,0,965,965,0
11/30/2019,Garfield,Passenger,0,1,1,1305,1306,0.08
12/31/2019,Garfield,Passenger,0,1,1,1307,1308,0.08
12/31/2019,Garfield,Truck,0,0,0,969,969,0
1/31/2020,Garfield,Passenger,0,1,1,1322,1323,0.08
1/31/2020,Garfield,Truck,0,0,0,969,969,0
2/29/2020,Garfield,Truck,0,0,0,965,965,0
2/29/2020,Garfield,Passenger,0,1,1,1350,1351,0.07
3/31/2020,Garfield,Passenger,0,1,1,1351,1352,0.07
3/31/2020,Garfield,Truck,0,0,0,976,976,0
4/30/2020,Garfield,Passenger,0,1,1,1341,1342,0.07
4/30/2020,Garfield,Truck,0,0,0,968,968,0
5/31/2020,Garfield,Truck,0,0,0,967,967,0
5/31/2020,Garfield,Passenger,0,1,1,1348,1349,0.07
6/30/2020,Garfield,Truck,0,0,0,974,974,0
6/30/2020,Garfield,Passenger,0,1,1,1353,1354,0.07
7/31/2020,Garfield,Passenger,0,1,1,1352,1353,0.07
7/31/2020,Garfield,Truck,0,0,0,988,988,0
8/31/2020,Garfield,Truck,0,0,0,994,994,0
8/31/2020,Garfield,Passenger,0,1,1,1352,1353,0.07
9/30/2020,Garfield,Truck,0,0,0,987,987,0
9/30/2020,Garfield,Passenger,0,1,1,1350,1351,0.07
10/31/2020,Garfield,Passenger,0,1,1,1353,1354,0.07
10/31/2020,Garfield,Truck,0,0,0,990,990,0
11/30/2020,Garfield,Truck,0,0,0,996,996,0
11/30/2020,Garfield,Passenger,0,1,1,1364,1365,0.07
12/31/2020,Garfield,Passenger,0,2,2,1368,1370,0.15
12/31/2020,Garfield,Truck,0,0,0,995,995,0
1/31/2021,Garfield,Truck,0,0,0,1002,1002,0
1/31/2021,Garfield,Passenger,0,2,2,1363,1365,0.15
2/28/2021,Garfield,Passenger,0,2,2,1357,1359,0.15
2/28/2021,Garfield,Truck,0,0,0,1005,1005,0
3/31/2021,Garfield,Passenger,0,2,2,1366,1368,0.15
3/31/2021,Garfield,Truck,0,0,0,1011,1011,0
4/30/2021,Garfield,Truck,0,0,0,1006,1006,0
4/30/2021,Garfield,Passenger,0,2,2,1377,1379,0.15
5/31/2021,Garfield,Passenger,0,2,2,1371,1373,0.15
5/31/2021,Garfield,Truck,0,0,0,998,998,0
6/30/2021,Garfield,Truck,0,0,0,997,997,0
6/30/2021,Garfield,Passenger,0,3,3,1375,1378,0.22
7/31/2021,Garfield,Truck,0,0,0,1003,1003,0
7/31/2021,Garfield,Passenger,0,3,3,1375,1378,0.22
8/31/2021,Garfield,Passenger,0,3,3,1370,1373,0.22
8/31/2021,Garfield,Truck,0,0,0,1002,1002,0
9/30/2021,Garfield,Passenger,0,3,3,1367,1370,0.22
9/30/2021,Garfield,Truck,0,0,0,997,997,0
10/31/2021,Garfield,Passenger,0,3,3,1356,1359,0.22
10/31/2021,Garfield,Truck,0,0,0,998,998,0
11/30/2021,Garfield,Passenger,0,3,3,1351,1354,0.22
11/30/2021,Garfield,Truck,0,0,0,994,994,0
12/31/2021,Garfield,Passenger,0,3,3,1351,1354,0.22
12/31/2021,Garfield,Truck,0,0,0,1000,1000,0
1/31/2022,Garfield,Passenger,0,3,3,1357,1360,0.22
1/31/2022,Garfield,Truck,0,0,0,994,994,0
2/28/2022,Garfield,Truck,0,0,0,997,997,0
2/28/2022,Garfield,Passenger,0,3,3,1354,1357,0.22
3/31/2022,Garfield,Passenger,0,3,3,1333,1336,0.22
3/31/2022,Garfield,Truck,0,0,0,998,998,0
4/30/2022,Garfield,Truck,0,0,0,989,989,0
4/30/2022,Garfield,Passenger,0,3,3,1333,1336,0.22
5/31/2022,Garfield,Passenger,0,3,3,1330,1333,0.23
5/31/2022,Garfield,Truck,0,0,0,980,980,0
6/30/2022,Garfield,Truck,0,0,0,983,983,0
6/30/2022,Garfield,Passenger,0,3,3,1322,1325,0.23
7/31/2022,Garfield,Truck,0,0,0,975,975,0
7/31/2022,Garfield,Passenger,1,3,4,1326,1330,0.3
8/31/2022,Garfield,Passenger,1,3,4,1322,1326,0.3
8/31/2022,Garfield,Truck,0,0,0,977,977,0
9/30/2022,Garfield,Passenger,1,3,4,1324,1328,0.3
9/30/2022,Garfield,Truck,0,0,0,971,971,0
10/31/2022,Garfield,Truck,0,0,0,978,978,0
10/31/2022,Garfield,Passenger,1,3,4,1316,1320,0.3
11/30/2022,Garfield,Truck,0,0,0,982,982,0
11/30/2022,Garfield,Passenger,1,3,4,1309,1313,0.3
12/31/2022,Garfield,Truck,0,0,0,978,978,0
12/31/2022,Garfield,Passenger,1,3,4,1315,1319,0.3
1/31/2023,Garfield,Truck,0,0,0,978,978,0
1/31/2023,Garfield,Passenger,1,3,4,1320,1324,0.3
2/28/2023,Garfield,Passenger,1,3,4,1314,1318,0.3
2/28/2023,Garfield,Truck,0,0,0,981,981,0
3/31/2023,Garfield,Passenger,1,3,4,1318,1322,0.3
3/31/2023,Garfield,Truck,0,0,0,976,976,0
4/30/2023,Garfield,Passenger,1,3,4,1308,1312,0.3
4/30/2023,Garfield,Truck,0,0,0,974,974,0
5/31/2023,Garfield,Truck,0,0,0,954,954,0
5/31/2023,Garfield,Passenger,1,2,3,1286,1289,0.23
1/31/2017,Grant,Passenger,16,21,37,60394,60431,0.06
1/31/2017,Grant,Truck,0,0,0,25039,25039,0
2/28/2017,Grant,Truck,0,0,0,24996,24996,0
2/28/2017,Grant,Passenger,16,21,37,60201,60238,0.06
3/31/2017,Grant,Passenger,17,21,38,60338,60376,0.06
3/31/2017,Grant,Truck,0,0,0,25045,25045,0
4/30/2017,Grant,Truck,0,0,0,25091,25091,0
4/30/2017,Grant,Passenger,18,21,39,60496,60535,0.06
5/31/2017,Grant,Truck,0,0,0,25223,25223,0
5/31/2017,Grant,Passenger,20,25,45,60681,60726,0.07
6/30/2017,Grant,Passenger,20,27,47,60849,60896,0.08
6/30/2017,Grant,Truck,0,0,0,25222,25222,0
7/31/2017,Grant,Truck,0,0,0,25273,25273,0
7/31/2017,Grant,Passenger,19,30,49,61011,61060,0.08
8/31/2017,Grant,Passenger,19,32,51,61202,61253,0.08
8/31/2017,Grant,Truck,0,0,0,25354,25354,0
9/30/2017,Grant,Passenger,20,33,53,61465,61518,0.09
9/30/2017,Grant,Truck,0,0,0,25426,25426,0
10/31/2017,Grant,Truck,0,0,0,25460,25460,0
10/31/2017,Grant,Passenger,20,33,53,61674,61727,0.09
11/30/2017,Grant,Passenger,24,33,57,61900,61957,0.09
11/30/2017,Grant,Truck,0,0,0,25521,25521,0
12/31/2017,Grant,Passenger,26,35,61,62105,62166,0.1
12/31/2017,Grant,Truck,0,0,0,25589,25589,0
1/31/2018,Grant,Passenger,29,37,66,62291,62357,0.11
1/31/2018,Grant,Truck,0,0,0,25643,25643,0
2/28/2018,Grant,Passenger,31,38,69,62321,62390,0.11
2/28/2018,Grant,Truck,0,0,0,25681,25681,0
3/31/2018,Grant,Passenger,32,42,74,62606,62680,0.12
3/31/2018,Grant,Truck,0,0,0,25747,25747,0
4/30/2018,Grant,Truck,0,0,0,25855,25855,0
4/30/2018,Grant,Passenger,31,42,73,62800,62873,0.12
5/31/2018,Grant,Passenger,30,44,74,63016,63090,0.12
5/31/2018,Grant,Truck,0,0,0,25863,25863,0
6/30/2018,Grant,Truck,0,0,0,25921,25921,0
6/30/2018,Grant,Passenger,31,45,76,63146,63222,0.12
7/31/2018,Grant,Truck,0,0,0,25943,25943,0
7/31/2018,Grant,Passenger,33,47,80,63271,63351,0.13
8/31/2018,Grant,Passenger,34,49,83,63550,63633,0.13
8/31/2018,Grant,Truck,0,0,0,26008,26008,0
9/30/2018,Grant,Passenger,33,50,83,63773,63856,0.13
9/30/2018,Grant,Truck,0,0,0,26068,26068,0
10/31/2018,Grant,Truck,0,0,0,26085,26085,0
10/31/2018,Grant,Passenger,32,50,82,63925,64007,0.13
11/30/2018,Grant,Passenger,32,52,84,64038,64122,0.13
11/30/2018,Grant,Truck,0,0,0,26159,26159,0
12/31/2018,Grant,Passenger,32,52,84,64202,64286,0.13
12/31/2018,Grant,Truck,0,0,0,26258,26258,0
1/31/2019,Grant,Passenger,33,53,86,64371,64457,0.13
1/31/2019,Grant,Truck,0,0,0,26326,26326,0
2/28/2019,Grant,Truck,0,0,0,26317,26317,0
2/28/2019,Grant,Passenger,33,55,88,64286,64374,0.14
3/31/2019,Grant,Truck,0,0,0,26338,26338,0
3/31/2019,Grant,Passenger,34,55,89,64218,64307,0.14
4/30/2019,Grant,Truck,0,0,0,26431,26431,0
4/30/2019,Grant,Passenger,35,60,95,64390,64485,0.15
5/31/2019,Grant,Passenger,39,59,98,64570,64668,0.15
5/31/2019,Grant,Truck,0,0,0,26532,26532,0
6/30/2019,Grant,Passenger,41,61,102,64714,64816,0.16
6/30/2019,Grant,Truck,0,0,0,26632,26632,0
7/31/2019,Grant,Passenger,43,61,104,65024,65128,0.16
7/31/2019,Grant,Truck,0,0,0,26705,26705,0
8/31/2019,Grant,Truck,0,0,0,26742,26742,0
8/31/2019,Grant,Passenger,45,61,106,65176,65282,0.16
9/30/2019,Grant,Truck,0,0,0,26792,26792,0
9/30/2019,Grant,Passenger,48,63,111,65177,65288,0.17
10/31/2019,Grant,Passenger,55,64,119,65383,65502,0.18
10/31/2019,Grant,Truck,0,0,0,26894,26894,0
11/30/2019,Grant,Truck,0,0,0,26956,26956,0
11/30/2019,Grant,Passenger,53,65,118,65504,65622,0.18
12/31/2019,Grant,Truck,0,0,0,27005,27005,0
12/31/2019,Grant,Passenger,55,68,123,65630,65753,0.19
1/31/2020,Grant,Passenger,58,71,129,65629,65758,0.2
1/31/2020,Grant,Truck,0,0,0,27038,27038,0
2/29/2020,Grant,Truck,0,0,0,27068,27068,0
2/29/2020,Grant,Passenger,58,70,128,65573,65701,0.19
3/31/2020,Grant,Passenger,58,71,129,65495,65624,0.2
3/31/2020,Grant,Truck,0,0,0,27059,27059,0
4/30/2020,Grant,Truck,0,0,0,27000,27000,0
4/30/2020,Grant,Passenger,59,71,130,65270,65400,0.2
5/31/2020,Grant,Passenger,59,70,129,65210,65339,0.2
5/31/2020,Grant,Truck,0,0,0,26988,26988,0
6/30/2020,Grant,Passenger,59,71,130,65241,65371,0.2
6/30/2020,Grant,Truck,0,0,0,27089,27089,0
7/31/2020,Grant,Passenger,61,75,136,65287,65423,0.21
7/31/2020,Grant,Truck,0,0,0,27181,27181,0
8/31/2020,Grant,Truck,0,0,0,27241,27241,0
8/31/2020,Grant,Passenger,66,75,141,65407,65548,0.22
9/30/2020,Grant,Passenger,67,80,147,65586,65733,0.22
9/30/2020,Grant,Truck,0,0,0,27308,27308,0
10/31/2020,Grant,Passenger,71,81,152,65752,65904,0.23
10/31/2020,Grant,Truck,0,0,0,27394,27394,0
11/30/2020,Grant,Truck,0,0,0,27426,27426,0
11/30/2020,Grant,Passenger,78,79,157,65773,65930,0.24
12/31/2020,Grant,Truck,0,0,0,27513,27513,0
12/31/2020,Grant,Passenger,80,81,161,65936,66097,0.24
1/31/2021,Grant,Passenger,87,84,171,66114,66285,0.26
1/31/2021,Grant,Truck,0,0,0,27602,27602,0
2/28/2021,Grant,Passenger,90,86,176,66085,66261,0.27
2/28/2021,Grant,Truck,0,0,0,27670,27670,0
3/31/2021,Grant,Passenger,93,87,180,66449,66629,0.27
3/31/2021,Grant,Truck,0,0,0,27768,27768,0
4/30/2021,Grant,Truck,0,0,0,27885,27885,0
4/30/2021,Grant,Passenger,102,86,188,66816,67004,0.28
5/31/2021,Grant,Passenger,102,87,189,66873,67062,0.28
5/31/2021,Grant,Truck,0,0,0,27881,27881,0
6/30/2021,Grant,Passenger,107,89,196,66983,67179,0.29
6/30/2021,Grant,Truck,0,0,0,27920,27920,0
7/31/2021,Grant,Truck,0,0,0,27944,27944,0
7/31/2021,Grant,Passenger,120,90,210,66924,67134,0.31
8/31/2021,Grant,Passenger,123,96,219,66868,67087,0.33
8/31/2021,Grant,Truck,0,0,0,28005,28005,0
9/30/2021,Grant,Passenger,125,97,222,66886,67108,0.33
9/30/2021,Grant,Truck,0,0,0,28018,28018,0
10/31/2021,Grant,Passenger,133,95,228,66835,67063,0.34
10/31/2021,Grant,Truck,0,0,0,28025,28025,0
11/30/2021,Grant,Truck,0,0,0,28052,28052,0
11/30/2021,Grant,Passenger,131,97,228,66952,67180,0.34
12/31/2021,Grant,Truck,0,0,0,28006,28006,0
12/31/2021,Grant,Passenger,137,98,235,66981,67216,0.35
1/31/2022,Grant,Truck,0,0,0,28003,28003,0
1/31/2022,Grant,Passenger,140,100,240,66819,67059,0.36
2/28/2022,Grant,Passenger,142,99,241,66806,67047,0.36
2/28/2022,Grant,Truck,0,0,0,28016,28016,0
3/31/2022,Grant,Truck,0,0,0,28053,28053,0
3/31/2022,Grant,Passenger,151,100,251,66874,67125,0.37
4/30/2022,Grant,Passenger,159,98,257,66901,67158,0.38
4/30/2022,Grant,Truck,0,0,0,28091,28091,0
5/31/2022,Grant,Truck,0,0,0,28004,28004,0
5/31/2022,Grant,Passenger,166,97,263,66726,66989,0.39
6/30/2022,Grant,Truck,0,0,0,28036,28036,0
6/30/2022,Grant,Passenger,175,99,274,66828,67102,0.41
7/31/2022,Grant,Passenger,183,100,283,66700,66983,0.42
7/31/2022,Grant,Truck,0,0,0,27975,27975,0
8/31/2022,Grant,Passenger,198,106,304,66786,67090,0.45
8/31/2022,Grant,Truck,1,0,1,28012,28013,0
9/30/2022,Grant,Passenger,201,108,309,66779,67088,0.46
9/30/2022,Grant,Truck,2,0,2,28028,28030,0.01
10/31/2022,Grant,Passenger,211,108,319,66726,67045,0.48
10/31/2022,Grant,Truck,2,0,2,28020,28022,0.01
11/30/2022,Grant,Truck,4,0,4,27978,27982,0.01
11/30/2022,Grant,Passenger,221,110,331,66767,67098,0.49
12/31/2022,Grant,Passenger,231,112,343,66788,67131,0.51
12/31/2022,Grant,Truck,4,0,4,28020,28024,0.01
1/31/2023,Grant,Passenger,231,113,344,66758,67102,0.51
1/31/2023,Grant,Truck,5,0,5,27968,27973,0.02
2/28/2023,Grant,Passenger,242,114,356,66652,67008,0.53
2/28/2023,Grant,Truck,7,0,7,27943,27950,0.03
3/31/2023,Grant,Passenger,253,111,364,66387,66751,0.55
3/31/2023,Grant,Truck,8,0,8,27813,27821,0.03
4/30/2023,Grant,Truck,10,0,10,27532,27542,0.04
4/30/2023,Grant,Passenger,265,112,377,65914,66291,0.57
5/31/2023,Grant,Passenger,276,119,395,65125,65520,0.6
5/31/2023,Grant,Truck,10,0,10,27172,27182,0.04
1/31/2017,Grays Harbor,Truck,0,0,0,19862,19862,0
1/31/2017,Grays Harbor,Passenger,27,24,51,44311,44362,0.11
2/28/2017,Grays Harbor,Passenger,27,24,51,44248,44299,0.12
2/28/2017,Grays Harbor,Truck,0,0,0,19819,19819,0
3/31/2017,Grays Harbor,Truck,0,0,0,19865,19865,0
3/31/2017,Grays Harbor,Passenger,27,26,53,44415,44468,0.12
4/30/2017,Grays Harbor,Passenger,29,30,59,44473,44532,0.13
4/30/2017,Grays Harbor,Truck,0,0,0,19850,19850,0
5/31/2017,Grays Harbor,Passenger,31,30,61,44512,44573,0.14
5/31/2017,Grays Harbor,Truck,0,0,0,19898,19898,0
6/30/2017,Grays Harbor,Truck,0,0,0,19889,19889,0
6/30/2017,Grays Harbor,Passenger,35,31,66,44775,44841,0.15
7/31/2017,Grays Harbor,Passenger,36,35,71,44847,44918,0.16
7/31/2017,Grays Harbor,Truck,0,0,0,19894,19894,0
8/31/2017,Grays Harbor,Truck,0,0,0,19935,19935,0
8/31/2017,Grays Harbor,Passenger,37,37,74,44961,45035,0.16
9/30/2017,Grays Harbor,Truck,0,0,0,19976,19976,0
9/30/2017,Grays Harbor,Passenger,38,38,76,45128,45204,0.17
10/31/2017,Grays Harbor,Passenger,38,41,79,45369,45448,0.17
10/31/2017,Grays Harbor,Truck,0,0,0,20004,20004,0
11/30/2017,Grays Harbor,Passenger,42,41,83,45577,45660,0.18
11/30/2017,Grays Harbor,Truck,0,0,0,20015,20015,0
12/31/2017,Grays Harbor,Truck,0,0,0,20058,20058,0
12/31/2017,Grays Harbor,Passenger,42,41,83,45818,45901,0.18
1/31/2018,Grays Harbor,Truck,0,0,0,20083,20083,0
1/31/2018,Grays Harbor,Passenger,42,42,84,45969,46053,0.18
2/28/2018,Grays Harbor,Truck,0,0,0,20109,20109,0
2/28/2018,Grays Harbor,Passenger,42,44,86,45887,45973,0.19
3/31/2018,Grays Harbor,Passenger,45,46,91,46089,46180,0.2
3/31/2018,Grays Harbor,Truck,0,0,0,20072,20072,0
4/30/2018,Grays Harbor,Passenger,47,52,99,46285,46384,0.21
4/30/2018,Grays Harbor,Truck,0,0,0,20123,20123,0
5/31/2018,Grays Harbor,Truck,0,0,0,20178,20178,0
5/31/2018,Grays Harbor,Passenger,50,55,105,46409,46514,0.23
6/30/2018,Grays Harbor,Truck,0,0,0,20218,20218,0
6/30/2018,Grays Harbor,Passenger,52,58,110,46573,46683,0.24
7/31/2018,Grays Harbor,Truck,0,0,0,20219,20219,0
7/31/2018,Grays Harbor,Passenger,54,62,116,46758,46874,0.25
8/31/2018,Grays Harbor,Truck,0,0,0,20301,20301,0
8/31/2018,Grays Harbor,Passenger,54,65,119,46988,47107,0.25
9/30/2018,Grays Harbor,Passenger,55,65,120,47162,47282,0.25
9/30/2018,Grays Harbor,Truck,0,0,0,20299,20299,0
10/31/2018,Grays Harbor,Truck,0,0,0,20279,20279,0
10/31/2018,Grays Harbor,Passenger,60,66,126,47271,47397,0.27
11/30/2018,Grays Harbor,Truck,0,0,0,20331,20331,0
11/30/2018,Grays Harbor,Passenger,61,68,129,47373,47502,0.27
12/31/2018,Grays Harbor,Passenger,62,72,134,47466,47600,0.28
12/31/2018,Grays Harbor,Truck,0,0,0,20351,20351,0
1/31/2019,Grays Harbor,Passenger,67,76,143,47451,47594,0.3
1/31/2019,Grays Harbor,Truck,0,0,0,20315,20315,0
2/28/2019,Grays Harbor,Truck,0,0,0,20315,20315,0
2/28/2019,Grays Harbor,Passenger,66,79,145,47456,47601,0.3
3/31/2019,Grays Harbor,Passenger,69,80,149,47588,47737,0.31
3/31/2019,Grays Harbor,Truck,0,0,0,20375,20375,0
4/30/2019,Grays Harbor,Passenger,70,84,154,47664,47818,0.32
4/30/2019,Grays Harbor,Truck,0,0,0,20395,20395,0
5/31/2019,Grays Harbor,Passenger,73,84,157,47837,47994,0.33
5/31/2019,Grays Harbor,Truck,0,0,0,20457,20457,0
6/30/2019,Grays Harbor,Truck,0,0,0,20455,20455,0
6/30/2019,Grays Harbor,Passenger,73,85,158,47919,48077,0.33
7/31/2019,Grays Harbor,Truck,0,0,0,20535,20535,0
7/31/2019,Grays Harbor,Passenger,82,85,167,47993,48160,0.35
8/31/2019,Grays Harbor,Passenger,88,85,173,48113,48286,0.36
8/31/2019,Grays Harbor,Truck,0,0,0,20569,20569,0
9/30/2019,Grays Harbor,Passenger,89,89,178,48093,48271,0.37
9/30/2019,Grays Harbor,Truck,0,0,0,20633,20633,0
10/31/2019,Grays Harbor,Truck,0,0,0,20728,20728,0
10/31/2019,Grays Harbor,Passenger,95,95,190,48301,48491,0.39
11/30/2019,Grays Harbor,Truck,0,0,0,20748,20748,0
11/30/2019,Grays Harbor,Passenger,99,99,198,48346,48544,0.41
12/31/2019,Grays Harbor,Passenger,105,100,205,48390,48595,0.42
12/31/2019,Grays Harbor,Truck,0,0,0,20767,20767,0
1/31/2020,Grays Harbor,Truck,0,0,0,20824,20824,0
1/31/2020,Grays Harbor,Passenger,105,105,210,48500,48710,0.43
2/29/2020,Grays Harbor,Passenger,109,108,217,48369,48586,0.45
2/29/2020,Grays Harbor,Truck,0,0,0,20807,20807,0
3/31/2020,Grays Harbor,Truck,0,0,0,20786,20786,0
3/31/2020,Grays Harbor,Passenger,107,109,216,48316,48532,0.45
4/30/2020,Grays Harbor,Passenger,106,110,216,48066,48282,0.45
4/30/2020,Grays Harbor,Truck,0,0,0,20727,20727,0
5/31/2020,Grays Harbor,Truck,0,0,0,20770,20770,0
5/31/2020,Grays Harbor,Passenger,106,111,217,48009,48226,0.45
6/30/2020,Grays Harbor,Truck,0,0,0,20910,20910,0
6/30/2020,Grays Harbor,Passenger,106,111,217,48138,48355,0.45
7/31/2020,Grays Harbor,Truck,0,0,0,20981,20981,0
7/31/2020,Grays Harbor,Passenger,109,112,221,48279,48500,0.46
8/31/2020,Grays Harbor,Truck,0,0,0,21032,21032,0
8/31/2020,Grays Harbor,Passenger,111,116,227,48351,48578,0.47
9/30/2020,Grays Harbor,Truck,0,0,0,21092,21092,0
9/30/2020,Grays Harbor,Passenger,115,116,231,48475,48706,0.47
10/31/2020,Grays Harbor,Passenger,118,117,235,48515,48750,0.48
10/31/2020,Grays Harbor,Truck,0,0,0,21121,21121,0
11/30/2020,Grays Harbor,Truck,0,0,0,21131,21131,0
11/30/2020,Grays Harbor,Passenger,122,117,239,48542,48781,0.49
12/31/2020,Grays Harbor,Passenger,127,122,249,48650,48899,0.51
12/31/2020,Grays Harbor,Truck,0,0,0,21202,21202,0
1/31/2021,Grays Harbor,Passenger,133,126,259,48778,49037,0.53
1/31/2021,Grays Harbor,Truck,0,0,0,21241,21241,0
2/28/2021,Grays Harbor,Passenger,142,130,272,48796,49068,0.55
2/28/2021,Grays Harbor,Truck,0,0,0,21248,21248,0
3/31/2021,Grays Harbor,Truck,0,0,0,21265,21265,0
3/31/2021,Grays Harbor,Passenger,150,131,281,49025,49306,0.57
4/30/2021,Grays Harbor,Passenger,156,134,290,49367,49657,0.58
4/30/2021,Grays Harbor,Truck,0,0,0,21411,21411,0
5/31/2021,Grays Harbor,Truck,0,0,0,21425,21425,0
5/31/2021,Grays Harbor,Passenger,161,139,300,49368,49668,0.6
6/30/2021,Grays Harbor,Truck,0,0,0,21445,21445,0
6/30/2021,Grays Harbor,Passenger,168,144,312,49452,49764,0.63
7/31/2021,Grays Harbor,Truck,0,0,0,21413,21413,0
7/31/2021,Grays Harbor,Passenger,176,146,322,49522,49844,0.65
8/31/2021,Grays Harbor,Passenger,177,147,324,49510,49834,0.65
8/31/2021,Grays Harbor,Truck,0,0,0,21393,21393,0
9/30/2021,Grays Harbor,Passenger,183,150,333,49493,49826,0.67
9/30/2021,Grays Harbor,Truck,0,0,0,21397,21397,0
10/31/2021,Grays Harbor,Passenger,187,151,338,49490,49828,0.68
10/31/2021,Grays Harbor,Truck,0,0,0,21394,21394,0
11/30/2021,Grays Harbor,Passenger,191,155,346,49508,49854,0.69
11/30/2021,Grays Harbor,Truck,0,0,0,21426,21426,0
12/31/2021,Grays Harbor,Passenger,192,157,349,49452,49801,0.7
12/31/2021,Grays Harbor,Truck,0,0,0,21387,21387,0
1/31/2022,Grays Harbor,Truck,0,0,0,21346,21346,0
1/31/2022,Grays Harbor,Passenger,197,158,355,49349,49704,0.71
2/28/2022,Grays Harbor,Passenger,202,157,359,49320,49679,0.72
2/28/2022,Grays Harbor,Truck,0,0,0,21339,21339,0
3/31/2022,Grays Harbor,Truck,0,0,0,21364,21364,0
3/31/2022,Grays Harbor,Passenger,205,157,362,49314,49676,0.73
4/30/2022,Grays Harbor,Passenger,200,158,358,49222,49580,0.72
4/30/2022,Grays Harbor,Truck,0,0,0,21345,21345,0
5/31/2022,Grays Harbor,Passenger,205,158,363,49092,49455,0.73
5/31/2022,Grays Harbor,Truck,0,0,0,21305,21305,0
6/30/2022,Grays Harbor,Truck,1,0,1,21321,21322,0
6/30/2022,Grays Harbor,Passenger,210,160,370,49056,49426,0.75
7/31/2022,Grays Harbor,Passenger,214,162,376,48940,49316,0.76
7/31/2022,Grays Harbor,Truck,2,0,2,21236,21238,0.01
8/31/2022,Grays Harbor,Passenger,218,163,381,48852,49233,0.77
8/31/2022,Grays Harbor,Truck,2,0,2,21210,21212,0.01
9/30/2022,Grays Harbor,Truck,2,0,2,21179,21181,0.01
9/30/2022,Grays Harbor,Passenger,224,166,390,48799,49189,0.79
10/31/2022,Grays Harbor,Truck,2,0,2,21086,21088,0.01
10/31/2022,Grays Harbor,Passenger,231,166,397,48719,49116,0.81
11/30/2022,Grays Harbor,Passenger,243,161,404,48637,49041,0.82
11/30/2022,Grays Harbor,Truck,3,0,3,21092,21095,0.01
12/31/2022,Grays Harbor,Truck,2,0,2,21053,21055,0.01
12/31/2022,Grays Harbor,Passenger,247,160,407,48614,49021,0.83
1/31/2023,Grays Harbor,Passenger,261,165,426,48495,48921,0.87
1/31/2023,Grays Harbor,Truck,2,0,2,21007,21009,0.01
2/28/2023,Grays Harbor,Truck,2,0,2,20958,20960,0.01
2/28/2023,Grays Harbor,Passenger,272,172,444,48442,48886,0.91
3/31/2023,Grays Harbor,Truck,2,0,2,20828,20830,0.01
3/31/2023,Grays Harbor,Passenger,279,180,459,48127,48586,0.94
4/30/2023,Grays Harbor,Passenger,285,183,468,47793,48261,0.97
4/30/2023,Grays Harbor,Truck,4,0,4,20671,20675,0.02
5/31/2023,Grays Harbor,Passenger,289,180,469,47158,47627,0.98
5/31/2023,Grays Harbor,Truck,6,0,6,20369,20375,0.03
1/31/2017,Island,Truck,1,0,1,20516,20517,0
1/31/2017,Island,Passenger,103,119,222,59410,59632,0.37
2/28/2017,Island,Passenger,100,122,222,59442,59664,0.37
2/28/2017,Island,Truck,0,0,0,20495,20495,0
3/31/2017,Island,Truck,0,0,0,20496,20496,0
3/31/2017,Island,Passenger,105,129,234,59596,59830,0.39
4/30/2017,Island,Truck,0,0,0,20522,20522,0
4/30/2017,Island,Passenger,108,128,236,59762,59998,0.39
5/31/2017,Island,Truck,0,0,0,20526,20526,0
5/31/2017,Island,Passenger,113,129,242,59911,60153,0.4
6/30/2017,Island,Truck,0,0,0,20496,20496,0
6/30/2017,Island,Passenger,117,136,253,60103,60356,0.42
7/31/2017,Island,Passenger,121,141,262,60261,60523,0.43
7/31/2017,Island,Truck,0,0,0,20495,20495,0
8/31/2017,Island,Passenger,124,149,273,60572,60845,0.45
8/31/2017,Island,Truck,0,0,0,20514,20514,0
9/30/2017,Island,Passenger,129,149,278,60842,61120,0.45
9/30/2017,Island,Truck,0,0,0,20559,20559,0
10/31/2017,Island,Passenger,138,153,291,61071,61362,0.47
10/31/2017,Island,Truck,0,0,0,20591,20591,0
11/30/2017,Island,Passenger,147,156,303,61333,61636,0.49
11/30/2017,Island,Truck,0,0,0,20690,20690,0
12/31/2017,Island,Passenger,155,165,320,61559,61879,0.52
12/31/2017,Island,Truck,0,0,0,20750,20750,0
1/31/2018,Island,Truck,0,0,0,20783,20783,0
1/31/2018,Island,Passenger,159,167,326,61822,62148,0.52
2/28/2018,Island,Passenger,165,171,336,61860,62196,0.54
2/28/2018,Island,Truck,0,0,0,20825,20825,0
3/31/2018,Island,Passenger,175,178,353,62042,62395,0.57
3/31/2018,Island,Truck,0,0,0,20855,20855,0
4/30/2018,Island,Passenger,184,177,361,62267,62628,0.58
4/30/2018,Island,Truck,0,0,0,20843,20843,0
5/31/2018,Island,Passenger,187,177,364,62433,62797,0.58
5/31/2018,Island,Truck,0,0,0,20883,20883,0
6/30/2018,Island,Passenger,197,188,385,62517,62902,0.61
6/30/2018,Island,Truck,0,0,0,20954,20954,0
7/31/2018,Island,Passenger,206,194,400,62569,62969,0.64
7/31/2018,Island,Truck,0,0,0,20993,20993,0
8/31/2018,Island,Truck,0,0,0,21053,21053,0
8/31/2018,Island,Passenger,216,204,420,62711,63131,0.67
9/30/2018,Island,Passenger,227,208,435,62857,63292,0.69
9/30/2018,Island,Truck,0,0,0,21101,21101,0
10/31/2018,Island,Passenger,244,216,460,63036,63496,0.72
10/31/2018,Island,Truck,0,0,0,21131,21131,0
11/30/2018,Island,Truck,0,0,0,21178,21178,0
11/30/2018,Island,Passenger,266,224,490,63100,63590,0.77
12/31/2018,Island,Passenger,276,225,501,63173,63674,0.79
12/31/2018,Island,Truck,0,0,0,21185,21185,0
1/31/2019,Island,Passenger,288,229,517,63246,63763,0.81
1/31/2019,Island,Truck,0,0,0,21210,21210,0
2/28/2019,Island,Truck,0,0,0,21170,21170,0
2/28/2019,Island,Passenger,294,231,525,63174,63699,0.82
3/31/2019,Island,Passenger,300,234,534,63122,63656,0.84
3/31/2019,Island,Truck,0,0,0,21186,21186,0
4/30/2019,Island,Passenger,310,241,551,63253,63804,0.86
4/30/2019,Island,Truck,0,0,0,21246,21246,0
5/31/2019,Island,Truck,0,0,0,21243,21243,0
5/31/2019,Island,Passenger,315,234,549,63342,63891,0.86
6/30/2019,Island,Passenger,317,240,557,63385,63942,0.87
6/30/2019,Island,Truck,0,0,0,21261,21261,0
7/31/2019,Island,Truck,0,0,0,21314,21314,0
7/31/2019,Island,Passenger,328,243,571,63489,64060,0.89
8/31/2019,Island,Passenger,335,244,579,63462,64041,0.9
8/31/2019,Island,Truck,0,0,0,21278,21278,0
9/30/2019,Island,Passenger,346,249,595,63479,64074,0.93
9/30/2019,Island,Truck,0,0,0,21296,21296,0
10/31/2019,Island,Passenger,362,250,612,63634,64246,0.95
10/31/2019,Island,Truck,0,0,0,21320,21320,0
11/30/2019,Island,Passenger,363,251,614,63664,64278,0.96
11/30/2019,Island,Truck,1,0,1,21316,21317,0
12/31/2019,Island,Passenger,375,253,628,63602,64230,0.98
12/31/2019,Island,Truck,1,0,1,21355,21356,0
1/31/2020,Island,Truck,1,0,1,21353,21354,0
1/31/2020,Island,Passenger,392,257,649,63596,64245,1.01
2/29/2020,Island,Passenger,401,263,664,63473,64137,1.04
2/29/2020,Island,Truck,1,0,1,21331,21332,0
3/31/2020,Island,Truck,1,0,1,21263,21264,0
3/31/2020,Island,Passenger,406,269,675,63247,63922,1.06
4/30/2020,Island,Truck,1,0,1,21148,21149,0
4/30/2020,Island,Passenger,405,270,675,62862,63537,1.06
5/31/2020,Island,Passenger,409,270,679,62803,63482,1.07
5/31/2020,Island,Truck,1,0,1,21136,21137,0
6/30/2020,Island,Passenger,420,268,688,62805,63493,1.08
6/30/2020,Island,Truck,1,0,1,21211,21212,0
7/31/2020,Island,Truck,1,0,1,21233,21234,0
7/31/2020,Island,Passenger,430,272,702,62871,63573,1.1
8/31/2020,Island,Passenger,434,273,707,62812,63519,1.11
8/31/2020,Island,Truck,1,0,1,21226,21227,0
9/30/2020,Island,Passenger,444,280,724,62892,63616,1.14
9/30/2020,Island,Truck,1,0,1,21260,21261,0
10/31/2020,Island,Passenger,463,284,747,62912,63659,1.17
10/31/2020,Island,Truck,1,0,1,21310,21311,0
11/30/2020,Island,Truck,0,0,0,21306,21306,0
11/30/2020,Island,Passenger,480,287,767,62948,63715,1.2
12/31/2020,Island,Truck,0,0,0,21370,21370,0
12/31/2020,Island,Passenger,507,289,796,63016,63812,1.25
1/31/2021,Island,Truck,0,0,0,21412,21412,0
1/31/2021,Island,Passenger,527,294,821,62990,63811,1.29
2/28/2021,Island,Passenger,546,296,842,62884,63726,1.32
2/28/2021,Island,Truck,0,0,0,21435,21435,0
3/31/2021,Island,Truck,0,0,0,21464,21464,0
3/31/2021,Island,Passenger,556,299,855,63010,63865,1.34
4/30/2021,Island,Passenger,582,308,890,63259,64149,1.39
4/30/2021,Island,Truck,0,0,0,21565,21565,0
5/31/2021,Island,Truck,0,0,0,21615,21615,0
5/31/2021,Island,Passenger,599,310,909,63253,64162,1.42
6/30/2021,Island,Truck,0,0,0,21628,21628,0
6/30/2021,Island,Passenger,617,317,934,63270,64204,1.45
7/31/2021,Island,Truck,0,0,0,21576,21576,0
7/31/2021,Island,Passenger,625,316,941,63247,64188,1.47
8/31/2021,Island,Passenger,645,319,964,63267,64231,1.5
8/31/2021,Island,Truck,0,0,0,21593,21593,0
9/30/2021,Island,Passenger,661,330,991,63259,64250,1.54
9/30/2021,Island,Truck,0,0,0,21577,21577,0
10/31/2021,Island,Passenger,679,334,1013,63124,64137,1.58
10/31/2021,Island,Truck,0,0,0,21572,21572,0
11/30/2021,Island,Truck,0,0,0,21550,21550,0
11/30/2021,Island,Passenger,701,343,1044,63004,64048,1.63
12/31/2021,Island,Passenger,714,341,1055,62802,63857,1.65
12/31/2021,Island,Truck,0,0,0,21527,21527,0
1/31/2022,Island,Passenger,734,345,1079,62633,63712,1.69
1/31/2022,Island,Truck,1,0,1,21484,21485,0
2/28/2022,Island,Truck,1,0,1,21492,21493,0
2/28/2022,Island,Passenger,745,352,1097,62445,63542,1.73
3/31/2022,Island,Passenger,759,361,1120,62427,63547,1.76
3/31/2022,Island,Truck,1,0,1,21482,21483,0
4/30/2022,Island,Truck,1,0,1,21470,21471,0
4/30/2022,Island,Passenger,780,368,1148,62268,63416,1.81
5/31/2022,Island,Passenger,798,374,1172,62085,63257,1.85
5/31/2022,Island,Truck,1,0,1,21437,21438,0
6/30/2022,Island,Passenger,819,380,1199,62002,63201,1.9
6/30/2022,Island,Truck,4,0,4,21389,21393,0.02
7/31/2022,Island,Passenger,836,381,1217,61920,63137,1.93
7/31/2022,Island,Truck,6,0,6,21346,21352,0.03
8/31/2022,Island,Passenger,859,381,1240,61940,63180,1.96
8/31/2022,Island,Truck,9,0,9,21340,21349,0.04
9/30/2022,Island,Truck,10,0,10,21302,21312,0.05
9/30/2022,Island,Passenger,879,383,1262,61803,63065,2
10/31/2022,Island,Truck,14,0,14,21284,21298,0.07
10/31/2022,Island,Passenger,902,390,1292,61722,63014,2.05
11/30/2022,Island,Truck,15,0,15,21261,21276,0.07
11/30/2022,Island,Passenger,922,395,1317,61570,62887,2.09
12/31/2022,Island,Truck,17,0,17,21214,21231,0.08
12/31/2022,Island,Passenger,929,398,1327,61536,62863,2.11
1/31/2023,Island,Passenger,954,400,1354,61475,62829,2.16
1/31/2023,Island,Truck,20,0,20,21136,21156,0.09
2/28/2023,Island,Passenger,975,410,1385,61327,62712,2.21
2/28/2023,Island,Truck,20,0,20,21044,21064,0.09
3/31/2023,Island,Truck,24,0,24,20954,20978,0.11
3/31/2023,Island,Passenger,981,420,1401,61104,62505,2.24
4/30/2023,Island,Passenger,1004,423,1427,60782,62209,2.29
4/30/2023,Island,Truck,28,0,28,20844,20872,0.13
5/31/2023,Island,Passenger,1029,428,1457,60137,61594,2.37
5/31/2023,Island,Truck,29,0,29,20586,20615,0.14
1/31/2017,Jefferson,Passenger,87,53,140,23608,23748,0.59
1/31/2017,Jefferson,Truck,0,0,0,9469,9469,0
2/28/2017,Jefferson,Passenger,89,55,144,23603,23747,0.61
2/28/2017,Jefferson,Truck,0,0,0,9472,9472,0
3/31/2017,Jefferson,Passenger,94,57,151,23650,23801,0.63
3/31/2017,Jefferson,Truck,0,0,0,9447,9447,0
4/30/2017,Jefferson,Passenger,98,56,154,23746,23900,0.64
4/30/2017,Jefferson,Truck,0,0,0,9443,9443,0
5/31/2017,Jefferson,Passenger,103,59,162,23820,23982,0.68
5/31/2017,Jefferson,Truck,0,0,0,9441,9441,0
6/30/2017,Jefferson,Passenger,104,61,165,23852,24017,0.69
6/30/2017,Jefferson,Truck,0,0,0,9425,9425,0
7/31/2017,Jefferson,Truck,0,0,0,9416,9416,0
7/31/2017,Jefferson,Passenger,107,61,168,23897,24065,0.7
8/31/2017,Jefferson,Passenger,112,64,176,23956,24132,0.73
8/31/2017,Jefferson,Truck,0,0,0,9429,9429,0
9/30/2017,Jefferson,Truck,0,0,0,9421,9421,0
9/30/2017,Jefferson,Passenger,114,65,179,24011,24190,0.74
10/31/2017,Jefferson,Truck,0,0,0,9440,9440,0
10/31/2017,Jefferson,Passenger,116,68,184,24074,24258,0.76
11/30/2017,Jefferson,Passenger,116,71,187,24183,24370,0.77
11/30/2017,Jefferson,Truck,0,0,0,9464,9464,0
12/31/2017,Jefferson,Passenger,121,74,195,24284,24479,0.8
12/31/2017,Jefferson,Truck,0,0,0,9478,9478,0
1/31/2018,Jefferson,Truck,0,0,0,9488,9488,0
1/31/2018,Jefferson,Passenger,124,80,204,24353,24557,0.83
2/28/2018,Jefferson,Passenger,127,80,207,24313,24520,0.84
2/28/2018,Jefferson,Truck,0,0,0,9513,9513,0
3/31/2018,Jefferson,Passenger,132,88,220,24290,24510,0.9
3/31/2018,Jefferson,Truck,0,0,0,9517,9517,0
4/30/2018,Jefferson,Passenger,134,88,222,24355,24577,0.9
4/30/2018,Jefferson,Truck,0,0,0,9527,9527,0
5/31/2018,Jefferson,Truck,0,0,0,9542,9542,0
5/31/2018,Jefferson,Passenger,138,91,229,24391,24620,0.93
6/30/2018,Jefferson,Truck,0,0,0,9551,9551,0
6/30/2018,Jefferson,Passenger,144,97,241,24455,24696,0.98
7/31/2018,Jefferson,Passenger,147,99,246,24583,24829,0.99
7/31/2018,Jefferson,Truck,0,0,0,9591,9591,0
8/31/2018,Jefferson,Passenger,152,101,253,24681,24934,1.01
8/31/2018,Jefferson,Truck,0,0,0,9627,9627,0
9/30/2018,Jefferson,Passenger,153,99,252,24694,24946,1.01
9/30/2018,Jefferson,Truck,0,0,0,9649,9649,0
10/31/2018,Jefferson,Passenger,163,101,264,24783,25047,1.05
10/31/2018,Jefferson,Truck,0,0,0,9616,9616,0
11/30/2018,Jefferson,Passenger,169,104,273,24797,25070,1.09
11/30/2018,Jefferson,Truck,0,0,0,9618,9618,0
12/31/2018,Jefferson,Truck,0,0,0,9609,9609,0
12/31/2018,Jefferson,Passenger,168,106,274,24840,25114,1.09
1/31/2019,Jefferson,Passenger,175,112,287,24854,25141,1.14
1/31/2019,Jefferson,Truck,0,0,0,9621,9621,0
2/28/2019,Jefferson,Truck,0,0,0,9625,9625,0
2/28/2019,Jefferson,Passenger,179,113,292,24865,25157,1.16
3/31/2019,Jefferson,Passenger,179,118,297,24882,25179,1.18
3/31/2019,Jefferson,Truck,0,0,0,9647,9647,0
4/30/2019,Jefferson,Passenger,187,118,305,24904,25209,1.21
4/30/2019,Jefferson,Truck,0,0,0,9654,9654,0
5/31/2019,Jefferson,Truck,0,0,0,9671,9671,0
5/31/2019,Jefferson,Passenger,191,119,310,25004,25314,1.22
6/30/2019,Jefferson,Passenger,197,119,316,24998,25314,1.25
6/30/2019,Jefferson,Truck,0,0,0,9670,9670,0
7/31/2019,Jefferson,Passenger,202,118,320,25068,25388,1.26
7/31/2019,Jefferson,Truck,0,0,0,9686,9686,0
8/31/2019,Jefferson,Truck,0,0,0,9678,9678,0
8/31/2019,Jefferson,Passenger,205,122,327,25077,25404,1.29
9/30/2019,Jefferson,Passenger,207,126,333,25128,25461,1.31
9/30/2019,Jefferson,Truck,0,0,0,9685,9685,0
10/31/2019,Jefferson,Truck,0,0,0,9674,9674,0
10/31/2019,Jefferson,Passenger,210,126,336,25162,25498,1.32
11/30/2019,Jefferson,Truck,0,0,0,9656,9656,0
11/30/2019,Jefferson,Passenger,212,132,344,25186,25530,1.35
12/31/2019,Jefferson,Passenger,217,134,351,25190,25541,1.37
12/31/2019,Jefferson,Truck,0,0,0,9648,9648,0
1/31/2020,Jefferson,Passenger,224,139,363,25212,25575,1.42
1/31/2020,Jefferson,Truck,0,0,0,9663,9663,0
2/29/2020,Jefferson,Truck,0,0,0,9644,9644,0
2/29/2020,Jefferson,Passenger,230,139,369,25174,25543,1.44
3/31/2020,Jefferson,Passenger,234,141,375,25073,25448,1.47
3/31/2020,Jefferson,Truck,0,0,0,9596,9596,0
4/30/2020,Jefferson,Passenger,234,142,376,24910,25286,1.49
4/30/2020,Jefferson,Truck,0,0,0,9533,9533,0
5/31/2020,Jefferson,Passenger,233,141,374,24825,25199,1.48
5/31/2020,Jefferson,Truck,0,0,0,9512,9512,0
6/30/2020,Jefferson,Truck,0,0,0,9535,9535,0
6/30/2020,Jefferson,Passenger,236,139,375,24798,25173,1.49
7/31/2020,Jefferson,Passenger,249,142,391,24738,25129,1.56
7/31/2020,Jefferson,Truck,0,0,0,9544,9544,0
8/31/2020,Jefferson,Truck,0,0,0,9541,9541,0
8/31/2020,Jefferson,Passenger,249,144,393,24653,25046,1.57
9/30/2020,Jefferson,Passenger,257,148,405,24734,25139,1.61
9/30/2020,Jefferson,Truck,0,0,0,9543,9543,0
10/31/2020,Jefferson,Truck,0,0,0,9576,9576,0
10/31/2020,Jefferson,Passenger,260,151,411,24723,25134,1.64
11/30/2020,Jefferson,Truck,0,0,0,9582,9582,0
11/30/2020,Jefferson,Passenger,276,153,429,24729,25158,1.71
12/31/2020,Jefferson,Passenger,285,155,440,24814,25254,1.74
12/31/2020,Jefferson,Truck,0,0,0,9588,9588,0
1/31/2021,Jefferson,Truck,0,0,0,9598,9598,0
1/31/2021,Jefferson,Passenger,290,166,456,24803,25259,1.81
2/28/2021,Jefferson,Truck,0,0,0,9577,9577,0
2/28/2021,Jefferson,Passenger,295,168,463,24792,25255,1.83
3/31/2021,Jefferson,Passenger,302,174,476,24831,25307,1.88
3/31/2021,Jefferson,Truck,0,0,0,9592,9592,0
4/30/2021,Jefferson,Passenger,310,178,488,24906,25394,1.92
4/30/2021,Jefferson,Truck,0,0,0,9624,9624,0
5/31/2021,Jefferson,Passenger,322,181,503,24895,25398,1.98
5/31/2021,Jefferson,Truck,0,0,0,9617,9617,0
6/30/2021,Jefferson,Passenger,331,184,515,24893,25408,2.03
6/30/2021,Jefferson,Truck,0,0,0,9626,9626,0
7/31/2021,Jefferson,Truck,0,0,0,9619,9619,0
7/31/2021,Jefferson,Passenger,339,183,522,24891,25413,2.05
8/31/2021,Jefferson,Truck,0,0,0,9613,9613,0
8/31/2021,Jefferson,Passenger,350,183,533,24859,25392,2.1
9/30/2021,Jefferson,Truck,0,0,0,9621,9621,0
9/30/2021,Jefferson,Passenger,358,186,544,24812,25356,2.15
10/31/2021,Jefferson,Passenger,362,191,553,24780,25333,2.18
10/31/2021,Jefferson,Truck,0,0,0,9594,9594,0
11/30/2021,Jefferson,Truck,0,0,0,9603,9603,0
11/30/2021,Jefferson,Passenger,372,195,567,24793,25360,2.24
12/31/2021,Jefferson,Truck,0,0,0,9601,9601,0
12/31/2021,Jefferson,Passenger,382,194,576,24759,25335,2.27
1/31/2022,Jefferson,Truck,0,0,0,9574,9574,0
1/31/2022,Jefferson,Passenger,385,197,582,24696,25278,2.3
2/28/2022,Jefferson,Truck,0,0,0,9579,9579,0
2/28/2022,Jefferson,Passenger,394,202,596,24689,25285,2.36
3/31/2022,Jefferson,Passenger,408,207,615,24701,25316,2.43
3/31/2022,Jefferson,Truck,0,0,0,9547,9547,0
4/30/2022,Jefferson,Passenger,415,210,625,24738,25363,2.46
4/30/2022,Jefferson,Truck,0,0,0,9525,9525,0
5/31/2022,Jefferson,Passenger,425,215,640,24621,25261,2.53
5/31/2022,Jefferson,Truck,0,0,0,9497,9497,0
6/30/2022,Jefferson,Truck,2,0,2,9464,9466,0.02
6/30/2022,Jefferson,Passenger,434,217,651,24601,25252,2.58
7/31/2022,Jefferson,Truck,3,0,3,9461,9464,0.03
7/31/2022,Jefferson,Passenger,441,219,660,24555,25215,2.62
8/31/2022,Jefferson,Passenger,452,223,675,24512,25187,2.68
8/31/2022,Jefferson,Truck,3,0,3,9425,9428,0.03
9/30/2022,Jefferson,Passenger,453,224,677,24446,25123,2.69
9/30/2022,Jefferson,Truck,3,0,3,9385,9388,0.03
10/31/2022,Jefferson,Passenger,464,225,689,24417,25106,2.74
10/31/2022,Jefferson,Truck,5,0,5,9392,9397,0.05
11/30/2022,Jefferson,Passenger,474,230,704,24383,25087,2.81
11/30/2022,Jefferson,Truck,6,0,6,9382,9388,0.06
12/31/2022,Jefferson,Passenger,480,231,711,24278,24989,2.85
12/31/2022,Jefferson,Truck,6,0,6,9357,9363,0.06
1/31/2023,Jefferson,Truck,6,0,6,9344,9350,0.06
1/31/2023,Jefferson,Passenger,494,236,730,24246,24976,2.92
2/28/2023,Jefferson,Passenger,507,242,749,24178,24927,3
2/28/2023,Jefferson,Truck,9,0,9,9297,9306,0.1
3/31/2023,Jefferson,Passenger,520,247,767,24120,24887,3.08
3/31/2023,Jefferson,Truck,9,0,9,9260,9269,0.1
4/30/2023,Jefferson,Passenger,530,253,783,23967,24750,3.16
4/30/2023,Jefferson,Truck,10,0,10,9216,9226,0.11
5/31/2023,Jefferson,Passenger,549,261,810,23822,24632,3.29
5/31/2023,Jefferson,Truck,12,0,12,9126,9138,0.13
1/31/2017,King,Passenger,8804,3622,12426,1387432,1399858,0.89
1/31/2017,King,Truck,8,1,9,191092,191101,0
2/28/2017,King,Truck,8,1,9,190508,190517,0
2/28/2017,King,Passenger,9098,3714,12812,1385312,1398124,0.92
3/31/2017,King,Passenger,9317,3788,13105,1382792,1395897,0.94
3/31/2017,King,Truck,8,1,9,189765,189774,0
4/30/2017,King,Passenger,9558,3883,13441,1378601,1392042,0.97
4/30/2017,King,Truck,8,1,9,188945,188954,0
5/31/2017,King,Passenger,9797,3991,13788,1377184,1390972,0.99
5/31/2017,King,Truck,8,1,9,188274,188283,0
6/30/2017,King,Passenger,10029,4105,14134,1375433,1389567,1.02
6/30/2017,King,Truck,8,1,9,187752,187761,0
7/31/2017,King,Passenger,10256,4174,14430,1373377,1387807,1.04
7/31/2017,King,Truck,8,1,9,187263,187272,0
8/31/2017,King,Truck,7,1,8,186782,186790,0
8/31/2017,King,Passenger,10442,4267,14709,1372465,1387174,1.06
9/30/2017,King,Passenger,10655,4350,15005,1372632,1387637,1.08
9/30/2017,King,Truck,7,1,8,186379,186387,0
10/31/2017,King,Truck,7,1,8,185869,185877,0
10/31/2017,King,Passenger,10942,4483,15425,1372274,1387699,1.11
11/30/2017,King,Truck,7,1,8,185522,185530,0
11/30/2017,King,Passenger,11131,4614,15745,1371611,1387356,1.13
12/31/2017,King,Passenger,11278,4684,15962,1370875,1386837,1.15
12/31/2017,King,Truck,8,1,9,185067,185076,0
1/31/2018,King,Passenger,11619,4878,16497,1370915,1387412,1.19
1/31/2018,King,Truck,8,1,9,184820,184829,0
2/28/2018,King,Passenger,11759,5019,16778,1368330,1385108,1.21
2/28/2018,King,Truck,8,1,9,184102,184111,0
3/31/2018,King,Passenger,11973,5152,17125,1368030,1385155,1.24
3/31/2018,King,Truck,7,1,8,183733,183741,0
4/30/2018,King,Truck,7,1,8,183372,183380,0
4/30/2018,King,Passenger,12285,5290,17575,1368510,1386085,1.27
5/31/2018,King,Truck,7,1,8,183174,183182,0
5/31/2018,King,Passenger,12745,5480,18225,1369670,1387895,1.31
6/30/2018,King,Passenger,13167,5678,18845,1371250,1390095,1.36
6/30/2018,King,Truck,7,1,8,183072,183080,0
7/31/2018,King,Truck,7,1,8,183000,183008,0
7/31/2018,King,Passenger,13479,5802,19281,1372560,1391841,1.39
8/31/2018,King,Passenger,13802,5938,19740,1373840,1393580,1.42
8/31/2018,King,Truck,7,1,8,183013,183021,0
9/30/2018,King,Passenger,14204,6079,20283,1374074,1394357,1.45
9/30/2018,King,Truck,7,1,8,182885,182893,0
10/31/2018,King,Truck,7,1,8,182849,182857,0
10/31/2018,King,Passenger,15035,6221,21256,1376423,1397679,1.52
11/30/2018,King,Passenger,15785,6398,22183,1377280,1399463,1.59
11/30/2018,King,Truck,6,1,7,182773,182780,0
12/31/2018,King,Passenger,16281,6530,22811,1378266,1401077,1.63
12/31/2018,King,Truck,6,1,7,182669,182676,0
1/31/2019,King,Truck,6,1,7,182412,182419,0
1/31/2019,King,Passenger,17169,6678,23847,1381135,1404982,1.7
2/28/2019,King,Passenger,17530,6762,24292,1379927,1404219,1.73
2/28/2019,King,Truck,6,1,7,182035,182042,0
3/31/2019,King,Truck,6,1,7,181777,181784,0
3/31/2019,King,Passenger,17680,6779,24459,1381464,1405923,1.74
4/30/2019,King,Passenger,18280,6871,25151,1384186,1409337,1.78
4/30/2019,King,Truck,5,1,6,181834,181840,0
5/31/2019,King,Passenger,18619,6948,25567,1387398,1412965,1.81
5/31/2019,King,Truck,5,1,6,181953,181959,0
6/30/2019,King,Truck,5,1,6,182089,182095,0
6/30/2019,King,Passenger,19083,7013,26096,1389283,1415379,1.84
7/31/2019,King,Passenger,19631,7113,26744,1391386,1418130,1.89
7/31/2019,King,Truck,5,1,6,182280,182286,0
8/31/2019,King,Passenger,20009,7203,27212,1393225,1420437,1.92
8/31/2019,King,Truck,6,1,7,182276,182283,0
9/30/2019,King,Truck,6,1,7,182406,182413,0
9/30/2019,King,Passenger,20426,7283,27709,1395012,1422721,1.95
10/31/2019,King,Truck,6,1,7,182404,182411,0
10/31/2019,King,Passenger,21373,7392,28765,1396246,1425011,2.02
11/30/2019,King,Passenger,21604,7456,29060,1395662,1424722,2.04
11/30/2019,King,Truck,6,1,7,182353,182360,0
12/31/2019,King,Truck,6,1,7,182224,182231,0
12/31/2019,King,Passenger,21957,7541,29498,1394937,1424435,2.07
1/31/2020,King,Passenger,23202,7617,30819,1399298,1430117,2.15
1/31/2020,King,Truck,6,1,7,182663,182670,0
2/29/2020,King,Truck,6,1,7,182621,182628,0
2/29/2020,King,Passenger,23453,7672,31125,1400417,1431542,2.17
3/31/2020,King,Passenger,23891,7716,31607,1397207,1428814,2.21
3/31/2020,King,Truck,5,1,6,182429,182435,0
4/30/2020,King,Passenger,24093,7690,31783,1386147,1417930,2.24
4/30/2020,King,Truck,5,1,6,181528,181534,0
5/31/2020,King,Passenger,24025,7682,31707,1375082,1406789,2.25
5/31/2020,King,Truck,5,1,6,181423,181429,0
6/30/2020,King,Passenger,24117,7706,31823,1371155,1402978,2.27
6/30/2020,King,Truck,5,1,6,182182,182188,0
7/31/2020,King,Truck,7,1,8,182966,182974,0
7/31/2020,King,Passenger,24912,7749,32661,1371299,1403960,2.33
8/31/2020,King,Truck,5,1,6,183326,183332,0
8/31/2020,King,Passenger,25182,7807,32989,1371035,1404024,2.35
9/30/2020,King,Truck,5,1,6,183684,183690,0
9/30/2020,King,Passenger,25400,7889,33289,1371729,1405018,2.37
10/31/2020,King,Passenger,25887,8005,33892,1373117,1407009,2.41
10/31/2020,King,Truck,5,1,6,184071,184077,0
11/30/2020,King,Passenger,26610,8075,34685,1371319,1406004,2.47
11/30/2020,King,Truck,6,1,7,184190,184197,0
12/31/2020,King,Truck,6,1,7,184380,184387,0
12/31/2020,King,Passenger,26928,8163,35091,1370289,1405380,2.5
1/31/2021,King,Passenger,27804,8316,36120,1367390,1403510,2.57
1/31/2021,King,Truck,6,1,7,184353,184360,0
2/28/2021,King,Truck,6,1,7,184329,184336,0
2/28/2021,King,Passenger,28241,8440,36681,1365080,1401761,2.62
3/31/2021,King,Passenger,28533,8559,37092,1365321,1402413,2.64
3/31/2021,King,Truck,6,1,7,184566,184573,0
4/30/2021,King,Passenger,29471,8745,38216,1369685,1407901,2.71
4/30/2021,King,Truck,6,1,7,184943,184950,0
5/31/2021,King,Passenger,30054,8914,38968,1368864,1407832,2.77
5/31/2021,King,Truck,6,1,7,184700,184707,0
6/30/2021,King,Truck,6,1,7,184643,184650,0
6/30/2021,King,Passenger,30505,9159,39664,1368719,1408383,2.82
7/31/2021,King,Truck,5,1,6,184369,184375,0
7/31/2021,King,Passenger,31567,9341,40908,1367166,1408074,2.91
8/31/2021,King,Truck,5,1,6,184069,184075,0
8/31/2021,King,Passenger,32301,9543,41844,1366147,1407991,2.97
9/30/2021,King,Passenger,32890,9682,42572,1365790,1408362,3.02
9/30/2021,King,Truck,5,1,6,183918,183924,0
10/31/2021,King,Truck,4,1,5,183510,183515,0
10/31/2021,King,Passenger,33852,9908,43760,1364188,1407948,3.11
11/30/2021,King,Truck,6,1,7,183353,183360,0
11/30/2021,King,Passenger,34729,10082,44811,1363163,1407974,3.18
12/31/2021,King,Truck,6,1,7,183052,183059,0
12/31/2021,King,Passenger,35493,10215,45708,1359533,1405241,3.25
1/31/2022,King,Passenger,36367,10399,46766,1356810,1403576,3.33
1/31/2022,King,Truck,14,1,15,182696,182711,0.01
2/28/2022,King,Passenger,37230,10519,47749,1355141,1402890,3.4
2/28/2022,King,Truck,22,1,23,182518,182541,0.01
3/31/2022,King,Truck,25,1,26,182076,182102,0.01
3/31/2022,King,Passenger,37954,10700,48654,1352608,1401262,3.47
4/30/2022,King,Passenger,39343,10823,50166,1351471,1401637,3.58
4/30/2022,King,Truck,26,1,27,181824,181851,0.01
5/31/2022,King,Truck,43,1,44,181261,181305,0.02
5/31/2022,King,Passenger,40032,11050,51082,1349522,1400604,3.65
6/30/2022,King,Truck,66,1,67,180962,181029,0.04
6/30/2022,King,Passenger,40749,11313,52062,1350321,1402383,3.71
7/31/2022,King,Truck,123,2,125,180445,180570,0.07
7/31/2022,King,Passenger,41926,11445,53371,1347762,1401133,3.81
8/31/2022,King,Truck,204,2,206,180093,180299,0.11
8/31/2022,King,Passenger,42968,11633,54601,1346577,1401178,3.9
9/30/2022,King,Truck,241,2,243,179693,179936,0.14
9/30/2022,King,Passenger,43518,11781,55299,1345270,1400569,3.95
10/31/2022,King,Passenger,45379,11911,57290,1343065,1400355,4.09
10/31/2022,King,Truck,300,2,302,179237,179539,0.17
11/30/2022,King,Truck,337,2,339,178848,179187,0.19
11/30/2022,King,Passenger,47033,12035,59068,1340442,1399510,4.22
12/31/2022,King,Truck,386,2,388,178099,178487,0.22
12/31/2022,King,Passenger,48136,12223,60359,1336391,1396750,4.32
1/31/2023,King,Truck,461,2,463,177506,177969,0.26
1/31/2023,King,Passenger,49787,12480,62267,1331814,1394081,4.47
2/28/2023,King,Passenger,50934,12760,63694,1326538,1390232,4.58
2/28/2023,King,Truck,496,2,498,176600,177098,0.28
3/31/2023,King,Passenger,51892,13076,64968,1315165,1380133,4.71
3/31/2023,King,Truck,566,2,568,175331,175899,0.32
4/30/2023,King,Truck,634,2,636,173980,174616,0.36
4/30/2023,King,Passenger,53527,13634,67161,1309019,1376180,4.88
5/31/2023,King,Truck,683,2,685,171599,172284,0.4
5/31/2023,King,Passenger,55020,13968,68988,1298859,1367847,5.04
1/31/2017,Kitsap,Passenger,556,262,818,172396,173214,0.47
1/31/2017,Kitsap,Truck,1,0,1,52380,52381,0
2/28/2017,Kitsap,Truck,1,0,1,52347,52348,0
2/28/2017,Kitsap,Passenger,561,280,841,172106,172947,0.49
3/31/2017,Kitsap,Passenger,572,289,861,172478,173339,0.5
3/31/2017,Kitsap,Truck,1,0,1,52317,52318,0
4/30/2017,Kitsap,Truck,1,0,1,52312,52313,0
4/30/2017,Kitsap,Passenger,584,298,882,172672,173554,0.51
5/31/2017,Kitsap,Truck,1,0,1,52378,52379,0
5/31/2017,Kitsap,Passenger,595,302,897,172842,173739,0.52
6/30/2017,Kitsap,Passenger,605,319,924,173373,174297,0.53
6/30/2017,Kitsap,Truck,1,0,1,52520,52521,0
7/31/2017,Kitsap,Passenger,622,324,946,173385,174331,0.54
7/31/2017,Kitsap,Truck,1,0,1,52512,52513,0
8/31/2017,Kitsap,Truck,1,0,1,52563,52564,0
8/31/2017,Kitsap,Passenger,637,336,973,173832,174805,0.56
9/30/2017,Kitsap,Passenger,653,346,999,174310,175309,0.57
9/30/2017,Kitsap,Truck,1,0,1,52600,52601,0
10/31/2017,Kitsap,Passenger,661,355,1016,174891,175907,0.58
10/31/2017,Kitsap,Truck,1,0,1,52590,52591,0
11/30/2017,Kitsap,Truck,1,0,1,52631,52632,0
11/30/2017,Kitsap,Passenger,676,367,1043,175386,176429,0.59
12/31/2017,Kitsap,Passenger,693,377,1070,175868,176938,0.6
12/31/2017,Kitsap,Truck,1,0,1,52692,52693,0
1/31/2018,Kitsap,Passenger,706,402,1108,176404,177512,0.62
1/31/2018,Kitsap,Truck,1,0,1,52757,52758,0
2/28/2018,Kitsap,Passenger,716,418,1134,176379,177513,0.64
2/28/2018,Kitsap,Truck,1,0,1,52839,52840,0
3/31/2018,Kitsap,Passenger,740,428,1168,176885,178053,0.66
3/31/2018,Kitsap,Truck,1,0,1,52969,52970,0
4/30/2018,Kitsap,Truck,1,0,1,52996,52997,0
4/30/2018,Kitsap,Passenger,742,441,1183,177369,178552,0.66
5/31/2018,Kitsap,Passenger,780,453,1233,177901,179134,0.69
5/31/2018,Kitsap,Truck,1,0,1,53097,53098,0
6/30/2018,Kitsap,Passenger,796,460,1256,178529,179785,0.7
6/30/2018,Kitsap,Truck,1,0,1,53211,53212,0
7/31/2018,Kitsap,Truck,1,0,1,53380,53381,0
7/31/2018,Kitsap,Passenger,809,473,1282,178849,180131,0.71
8/31/2018,Kitsap,Passenger,828,488,1316,179331,180647,0.73
8/31/2018,Kitsap,Truck,1,0,1,53446,53447,0
9/30/2018,Kitsap,Truck,1,0,1,53545,53546,0
9/30/2018,Kitsap,Passenger,841,499,1340,179465,180805,0.74
10/31/2018,Kitsap,Truck,1,0,1,53629,53630,0
10/31/2018,Kitsap,Passenger,880,507,1387,179932,181319,0.76
11/30/2018,Kitsap,Passenger,916,522,1438,180349,181787,0.79
11/30/2018,Kitsap,Truck,1,0,1,53658,53659,0
12/31/2018,Kitsap,Passenger,946,544,1490,179834,181324,0.82
12/31/2018,Kitsap,Truck,1,0,1,53642,53643,0
1/31/2019,Kitsap,Truck,1,0,1,53737,53738,0
1/31/2019,Kitsap,Passenger,981,556,1537,179938,181475,0.85
2/28/2019,Kitsap,Passenger,988,571,1559,179782,181341,0.86
2/28/2019,Kitsap,Truck,1,0,1,53708,53709,0
3/31/2019,Kitsap,Truck,1,0,1,53751,53752,0
3/31/2019,Kitsap,Passenger,997,569,1566,179918,181484,0.86
4/30/2019,Kitsap,Truck,1,0,1,53879,53880,0
4/30/2019,Kitsap,Passenger,1008,575,1583,180198,181781,0.87
5/31/2019,Kitsap,Truck,1,0,1,54024,54025,0
5/31/2019,Kitsap,Passenger,1035,588,1623,180688,182311,0.89
6/30/2019,Kitsap,Truck,1,0,1,54103,54104,0
6/30/2019,Kitsap,Passenger,1049,605,1654,180813,182467,0.91
7/31/2019,Kitsap,Passenger,1092,625,1717,181245,182962,0.94
7/31/2019,Kitsap,Truck,1,0,1,54137,54138,0
8/31/2019,Kitsap,Passenger,1113,633,1746,181513,183259,0.95
8/31/2019,Kitsap,Truck,1,0,1,54171,54172,0
9/30/2019,Kitsap,Passenger,1135,641,1776,181617,183393,0.97
9/30/2019,Kitsap,Truck,1,0,1,54222,54223,0
10/31/2019,Kitsap,Passenger,1178,645,1823,182153,183976,0.99
10/31/2019,Kitsap,Truck,1,0,1,54362,54363,0
11/30/2019,Kitsap,Passenger,1191,649,1840,182236,184076,1
11/30/2019,Kitsap,Truck,1,0,1,54416,54417,0
12/31/2019,Kitsap,Truck,1,0,1,54457,54458,0
12/31/2019,Kitsap,Passenger,1200,652,1852,182343,184195,1.01
1/31/2020,Kitsap,Passenger,1259,656,1915,182442,184357,1.04
1/31/2020,Kitsap,Truck,1,0,1,54495,54496,0
2/29/2020,Kitsap,Passenger,1274,661,1935,182313,184248,1.05
2/29/2020,Kitsap,Truck,1,0,1,54404,54405,0
3/31/2020,Kitsap,Truck,1,0,1,54225,54226,0
3/31/2020,Kitsap,Passenger,1298,674,1972,181800,183772,1.07
4/30/2020,Kitsap,Truck,1,0,1,53918,53919,0
4/30/2020,Kitsap,Passenger,1313,676,1989,180571,182560,1.09
5/31/2020,Kitsap,Truck,0,0,0,53875,53875,0
5/31/2020,Kitsap,Passenger,1313,678,1991,179662,181653,1.1
6/30/2020,Kitsap,Truck,0,0,0,54075,54075,0
6/30/2020,Kitsap,Passenger,1331,686,2017,179829,181846,1.11
7/31/2020,Kitsap,Passenger,1378,696,2074,179898,181972,1.14
7/31/2020,Kitsap,Truck,0,0,0,54154,54154,0
8/31/2020,Kitsap,Passenger,1401,699,2100,179659,181759,1.16
8/31/2020,Kitsap,Truck,0,0,0,54184,54184,0
9/30/2020,Kitsap,Passenger,1427,713,2140,179677,181817,1.18
9/30/2020,Kitsap,Truck,0,0,0,54198,54198,0
10/31/2020,Kitsap,Passenger,1465,730,2195,179734,181929,1.21
10/31/2020,Kitsap,Truck,0,0,0,54243,54243,0
11/30/2020,Kitsap,Passenger,1521,737,2258,179803,182061,1.24
11/30/2020,Kitsap,Truck,0,0,0,54297,54297,0
12/31/2020,Kitsap,Truck,0,0,0,54376,54376,0
12/31/2020,Kitsap,Passenger,1556,756,2312,179864,182176,1.27
1/31/2021,Kitsap,Truck,0,0,0,54305,54305,0
1/31/2021,Kitsap,Passenger,1607,765,2372,179354,181726,1.31
2/28/2021,Kitsap,Truck,0,0,0,54284,54284,0
2/28/2021,Kitsap,Passenger,1642,777,2419,179382,181801,1.33
3/31/2021,Kitsap,Truck,0,0,0,54398,54398,0
3/31/2021,Kitsap,Passenger,1675,800,2475,179786,182261,1.36
4/30/2021,Kitsap,Truck,0,0,0,54583,54583,0
4/30/2021,Kitsap,Passenger,1733,814,2547,180579,183126,1.39
5/31/2021,Kitsap,Passenger,1796,833,2629,180465,183094,1.44
5/31/2021,Kitsap,Truck,0,0,0,54554,54554,0
6/30/2021,Kitsap,Truck,0,0,0,54483,54483,0
6/30/2021,Kitsap,Passenger,1851,859,2710,180568,183278,1.48
7/31/2021,Kitsap,Passenger,1911,871,2782,180699,183481,1.52
7/31/2021,Kitsap,Truck,0,0,0,54436,54436,0
8/31/2021,Kitsap,Truck,0,0,0,54414,54414,0
8/31/2021,Kitsap,Passenger,1952,889,2841,180745,183586,1.55
9/30/2021,Kitsap,Passenger,1993,908,2901,180889,183790,1.58
9/30/2021,Kitsap,Truck,0,0,0,54350,54350,0
10/31/2021,Kitsap,Passenger,2042,917,2959,180735,183694,1.61
10/31/2021,Kitsap,Truck,0,0,0,54268,54268,0
11/30/2021,Kitsap,Passenger,2083,942,3025,180581,183606,1.65
11/30/2021,Kitsap,Truck,0,0,0,54300,54300,0
12/31/2021,Kitsap,Truck,0,0,0,54224,54224,0
12/31/2021,Kitsap,Passenger,2129,959,3088,180240,183328,1.68
1/31/2022,Kitsap,Truck,0,0,0,54181,54181,0
1/31/2022,Kitsap,Passenger,2191,971,3162,180009,183171,1.73
2/28/2022,Kitsap,Truck,0,0,0,54121,54121,0
2/28/2022,Kitsap,Passenger,2230,983,3213,179751,182964,1.76
3/31/2022,Kitsap,Passenger,2274,1007,3281,179399,182680,1.8
3/31/2022,Kitsap,Truck,1,0,1,54021,54022,0
4/30/2022,Kitsap,Passenger,2326,1021,3347,179190,182537,1.83
4/30/2022,Kitsap,Truck,1,0,1,53876,53877,0
5/31/2022,Kitsap,Truck,3,0,3,53723,53726,0.01
5/31/2022,Kitsap,Passenger,2356,1032,3388,178776,182164,1.86
6/30/2022,Kitsap,Truck,4,0,4,53696,53700,0.01
6/30/2022,Kitsap,Passenger,2395,1055,3450,178795,182245,1.89
7/31/2022,Kitsap,Truck,13,0,13,53454,53467,0.02
7/31/2022,Kitsap,Passenger,2464,1075,3539,178384,181923,1.95
8/31/2022,Kitsap,Truck,19,0,19,53330,53349,0.04
8/31/2022,Kitsap,Passenger,2524,1095,3619,178143,181762,1.99
9/30/2022,Kitsap,Passenger,2572,1112,3684,178011,181695,2.03
9/30/2022,Kitsap,Truck,23,0,23,53268,53291,0.04
10/31/2022,Kitsap,Passenger,2631,1127,3758,177708,181466,2.07
10/31/2022,Kitsap,Truck,25,0,25,53174,53199,0.05
11/30/2022,Kitsap,Truck,28,0,28,53033,53061,0.05
11/30/2022,Kitsap,Passenger,2697,1136,3833,177528,181361,2.11
12/31/2022,Kitsap,Truck,34,0,34,52918,52952,0.06
12/31/2022,Kitsap,Passenger,2761,1148,3909,177202,181111,2.16
1/31/2023,Kitsap,Passenger,2829,1164,3993,176859,180852,2.21
1/31/2023,Kitsap,Truck,41,0,41,52841,52882,0.08
2/28/2023,Kitsap,Passenger,2881,1171,4052,176300,180352,2.25
2/28/2023,Kitsap,Truck,49,0,49,52629,52678,0.09
3/31/2023,Kitsap,Passenger,2939,1197,4136,175471,179607,2.3
3/31/2023,Kitsap,Truck,58,0,58,52291,52349,0.11
4/30/2023,Kitsap,Truck,64,0,64,51868,51932,0.12
4/30/2023,Kitsap,Passenger,3029,1223,4252,174339,178591,2.38
5/31/2023,Kitsap,Truck,70,0,70,51169,51239,0.14
5/31/2023,Kitsap,Passenger,3092,1231,4323,172463,176786,2.45
1/31/2017,Kittitas,Truck,0,0,0,13410,13410,0
1/31/2017,Kittitas,Passenger,15,16,31,27158,27189,0.11
2/28/2017,Kittitas,Passenger,15,15,30,27062,27092,0.11
2/28/2017,Kittitas,Truck,0,0,0,13381,13381,0
3/31/2017,Kittitas,Passenger,17,16,33,27116,27149,0.12
3/31/2017,Kittitas,Truck,0,0,0,13421,13421,0
4/30/2017,Kittitas,Passenger,21,17,38,27201,27239,0.14
4/30/2017,Kittitas,Truck,0,0,0,13476,13476,0
5/31/2017,Kittitas,Passenger,22,17,39,27356,27395,0.14
5/31/2017,Kittitas,Truck,0,0,0,13529,13529,0
6/30/2017,Kittitas,Truck,0,0,0,13557,13557,0
6/30/2017,Kittitas,Passenger,21,17,38,27578,27616,0.14
7/31/2017,Kittitas,Passenger,24,19,43,27676,27719,0.16
7/31/2017,Kittitas,Truck,0,0,0,13576,13576,0
8/31/2017,Kittitas,Truck,0,0,0,13605,13605,0
8/31/2017,Kittitas,Passenger,27,21,48,27889,27937,0.17
9/30/2017,Kittitas,Truck,0,0,0,13652,13652,0
9/30/2017,Kittitas,Passenger,33,21,54,27985,28039,0.19
10/31/2017,Kittitas,Truck,0,0,0,13690,13690,0
10/31/2017,Kittitas,Passenger,33,23,56,28114,28170,0.2
11/30/2017,Kittitas,Passenger,34,24,58,28267,28325,0.2
11/30/2017,Kittitas,Truck,0,0,0,13756,13756,0
12/31/2017,Kittitas,Passenger,35,26,61,28445,28506,0.21
12/31/2017,Kittitas,Truck,0,0,0,13802,13802,0
1/31/2018,Kittitas,Passenger,36,27,63,28633,28696,0.22
1/31/2018,Kittitas,Truck,0,0,0,13873,13873,0
2/28/2018,Kittitas,Truck,0,0,0,13945,13945,0
2/28/2018,Kittitas,Passenger,36,27,63,28686,28749,0.22
3/31/2018,Kittitas,Truck,0,0,0,13981,13981,0
3/31/2018,Kittitas,Passenger,40,30,70,28744,28814,0.24
4/30/2018,Kittitas,Passenger,40,32,72,28770,28842,0.25
4/30/2018,Kittitas,Truck,0,0,0,13990,13990,0
5/31/2018,Kittitas,Truck,0,0,0,14021,14021,0
5/31/2018,Kittitas,Passenger,44,32,76,28903,28979,0.26
6/30/2018,Kittitas,Passenger,47,32,79,28924,29003,0.27
6/30/2018,Kittitas,Truck,0,0,0,14054,14054,0
7/31/2018,Kittitas,Truck,0,0,0,14052,14052,0
7/31/2018,Kittitas,Passenger,48,32,80,28988,29068,0.28
8/31/2018,Kittitas,Passenger,51,34,85,29119,29204,0.29
8/31/2018,Kittitas,Truck,0,0,0,14112,14112,0
9/30/2018,Kittitas,Passenger,55,36,91,29200,29291,0.31
9/30/2018,Kittitas,Truck,0,0,0,14103,14103,0
10/31/2018,Kittitas,Passenger,57,35,92,29279,29371,0.31
10/31/2018,Kittitas,Truck,0,0,0,14125,14125,0
11/30/2018,Kittitas,Truck,0,0,0,14160,14160,0
11/30/2018,Kittitas,Passenger,61,34,95,29287,29382,0.32
12/31/2018,Kittitas,Passenger,66,37,103,29340,29443,0.35
12/31/2018,Kittitas,Truck,0,0,0,14194,14194,0
1/31/2019,Kittitas,Truck,0,0,0,14234,14234,0
1/31/2019,Kittitas,Passenger,69,36,105,29466,29571,0.36
2/28/2019,Kittitas,Passenger,73,37,110,29447,29557,0.37
2/28/2019,Kittitas,Truck,0,0,0,14257,14257,0
3/31/2019,Kittitas,Passenger,71,37,108,29441,29549,0.37
3/31/2019,Kittitas,Truck,0,0,0,14246,14246,0
4/30/2019,Kittitas,Truck,0,0,0,14293,14293,0
4/30/2019,Kittitas,Passenger,71,35,106,29490,29596,0.36
5/31/2019,Kittitas,Passenger,72,35,107,29555,29662,0.36
5/31/2019,Kittitas,Truck,0,0,0,14374,14374,0
6/30/2019,Kittitas,Truck,0,0,0,14419,14419,0
6/30/2019,Kittitas,Passenger,81,38,119,29608,29727,0.4
7/31/2019,Kittitas,Truck,0,0,0,14485,14485,0
7/31/2019,Kittitas,Passenger,79,41,120,29683,29803,0.4
8/31/2019,Kittitas,Passenger,79,44,123,29748,29871,0.41
8/31/2019,Kittitas,Truck,0,0,0,14520,14520,0
9/30/2019,Kittitas,Truck,0,0,0,14563,14563,0
9/30/2019,Kittitas,Passenger,81,44,125,29836,29961,0.42
10/31/2019,Kittitas,Truck,0,0,0,14615,14615,0
10/31/2019,Kittitas,Passenger,87,45,132,29968,30100,0.44
11/30/2019,Kittitas,Passenger,89,46,135,30015,30150,0.45
11/30/2019,Kittitas,Truck,0,0,0,14616,14616,0
12/31/2019,Kittitas,Passenger,90,46,136,30057,30193,0.45
12/31/2019,Kittitas,Truck,0,0,0,14621,14621,0
1/31/2020,Kittitas,Truck,0,0,0,14663,14663,0
1/31/2020,Kittitas,Passenger,93,47,140,30083,30223,0.46
2/29/2020,Kittitas,Truck,0,0,0,14646,14646,0
2/29/2020,Kittitas,Passenger,94,49,143,30016,30159,0.47
3/31/2020,Kittitas,Truck,0,0,0,14618,14618,0
3/31/2020,Kittitas,Passenger,98,49,147,30000,30147,0.49
4/30/2020,Kittitas,Passenger,101,49,150,29859,30009,0.5
4/30/2020,Kittitas,Truck,0,0,0,14590,14590,0
5/31/2020,Kittitas,Truck,0,0,0,14551,14551,0
5/31/2020,Kittitas,Passenger,102,48,150,29779,29929,0.5
6/30/2020,Kittitas,Truck,0,0,0,14588,14588,0
6/30/2020,Kittitas,Passenger,99,47,146,29805,29951,0.49
7/31/2020,Kittitas,Passenger,104,47,151,29761,29912,0.5
7/31/2020,Kittitas,Truck,0,0,0,14561,14561,0
8/31/2020,Kittitas,Passenger,110,47,157,29765,29922,0.52
8/31/2020,Kittitas,Truck,0,0,0,14555,14555,0
9/30/2020,Kittitas,Passenger,113,48,161,29702,29863,0.54
9/30/2020,Kittitas,Truck,0,0,0,14596,14596,0
10/31/2020,Kittitas,Passenger,121,49,170,29703,29873,0.57
10/31/2020,Kittitas,Truck,0,0,0,14627,14627,0
11/30/2020,Kittitas,Passenger,125,52,177,29745,29922,0.59
11/30/2020,Kittitas,Truck,0,0,0,14642,14642,0
12/31/2020,Kittitas,Truck,0,0,0,14643,14643,0
12/31/2020,Kittitas,Passenger,127,51,178,29826,30004,0.59
1/31/2021,Kittitas,Passenger,134,52,186,29836,30022,0.62
1/31/2021,Kittitas,Truck,0,0,0,14672,14672,0
2/28/2021,Kittitas,Truck,0,0,0,14691,14691,0
2/28/2021,Kittitas,Passenger,142,53,195,29827,30022,0.65
3/31/2021,Kittitas,Passenger,146,55,201,29893,30094,0.67
3/31/2021,Kittitas,Truck,0,0,0,14755,14755,0
4/30/2021,Kittitas,Passenger,153,58,211,29984,30195,0.7
4/30/2021,Kittitas,Truck,0,0,0,14773,14773,0
5/31/2021,Kittitas,Passenger,155,62,217,29979,30196,0.72
5/31/2021,Kittitas,Truck,0,0,0,14767,14767,0
6/30/2021,Kittitas,Passenger,160,67,227,29986,30213,0.75
6/30/2021,Kittitas,Truck,0,0,0,14784,14784,0
7/31/2021,Kittitas,Passenger,166,68,234,29981,30215,0.77
7/31/2021,Kittitas,Truck,0,0,0,14791,14791,0
8/31/2021,Kittitas,Truck,0,0,0,14780,14780,0
8/31/2021,Kittitas,Passenger,173,72,245,29875,30120,0.81
9/30/2021,Kittitas,Passenger,180,72,252,29868,30120,0.84
9/30/2021,Kittitas,Truck,0,0,0,14780,14780,0
10/31/2021,Kittitas,Truck,0,0,0,14772,14772,0
10/31/2021,Kittitas,Passenger,193,72,265,29846,30111,0.88
11/30/2021,Kittitas,Truck,0,0,0,14804,14804,0
11/30/2021,Kittitas,Passenger,196,75,271,29845,30116,0.9
12/31/2021,Kittitas,Passenger,207,75,282,29847,30129,0.94
12/31/2021,Kittitas,Truck,0,0,0,14792,14792,0
1/31/2022,Kittitas,Passenger,216,71,287,29815,30102,0.95
1/31/2022,Kittitas,Truck,0,0,0,14766,14766,0
2/28/2022,Kittitas,Passenger,218,72,290,29781,30071,0.96
2/28/2022,Kittitas,Truck,0,0,0,14751,14751,0
3/31/2022,Kittitas,Truck,0,0,0,14717,14717,0
3/31/2022,Kittitas,Passenger,225,74,299,29799,30098,0.99
4/30/2022,Kittitas,Passenger,236,77,313,29751,30064,1.04
4/30/2022,Kittitas,Truck,0,0,0,14712,14712,0
5/31/2022,Kittitas,Passenger,248,79,327,29761,30088,1.09
5/31/2022,Kittitas,Truck,1,0,1,14673,14674,0.01
6/30/2022,Kittitas,Passenger,266,83,349,29768,30117,1.16
6/30/2022,Kittitas,Truck,1,0,1,14653,14654,0.01
7/31/2022,Kittitas,Truck,1,0,1,14616,14617,0.01
7/31/2022,Kittitas,Passenger,278,86,364,29696,30060,1.21
8/31/2022,Kittitas,Passenger,284,88,372,29616,29988,1.24
8/31/2022,Kittitas,Truck,3,0,3,14620,14623,0.02
9/30/2022,Kittitas,Truck,4,0,4,14600,14604,0.03
9/30/2022,Kittitas,Passenger,290,91,381,29608,29989,1.27
10/31/2022,Kittitas,Passenger,291,94,385,29560,29945,1.29
10/31/2022,Kittitas,Truck,5,0,5,14592,14597,0.03
11/30/2022,Kittitas,Passenger,297,92,389,29520,29909,1.3
11/30/2022,Kittitas,Truck,5,0,5,14550,14555,0.03
12/31/2022,Kittitas,Passenger,299,92,391,29476,29867,1.31
12/31/2022,Kittitas,Truck,5,0,5,14528,14533,0.03
1/31/2023,Kittitas,Passenger,310,92,402,29433,29835,1.35
1/31/2023,Kittitas,Truck,5,0,5,14488,14493,0.03
2/28/2023,Kittitas,Truck,6,0,6,14482,14488,0.04
2/28/2023,Kittitas,Passenger,320,90,410,29342,29752,1.38
3/31/2023,Kittitas,Truck,7,0,7,14409,14416,0.05
3/31/2023,Kittitas,Passenger,323,92,415,29166,29581,1.4
4/30/2023,Kittitas,Passenger,326,92,418,28990,29408,1.42
4/30/2023,Kittitas,Truck,8,0,8,14284,14292,0.06
5/31/2023,Kittitas,Truck,8,0,8,14138,14146,0.06
5/31/2023,Kittitas,Passenger,335,99,434,28534,28968,1.5
1/31/2017,Klickitat,Truck,0,0,0,7945,7945,0
1/31/2017,Klickitat,Passenger,20,22,42,14794,14836,0.28
2/28/2017,Klickitat,Passenger,20,22,42,14769,14811,0.28
2/28/2017,Klickitat,Truck,0,0,0,7937,7937,0
3/31/2017,Klickitat,Truck,0,0,0,7941,7941,0
3/31/2017,Klickitat,Passenger,21,23,44,14775,14819,0.3
4/30/2017,Klickitat,Passenger,22,23,45,14769,14814,0.3
4/30/2017,Klickitat,Truck,0,0,0,7954,7954,0
5/31/2017,Klickitat,Truck,0,0,0,7967,7967,0
5/31/2017,Klickitat,Passenger,22,24,46,14788,14834,0.31
6/30/2017,Klickitat,Truck,0,0,0,7971,7971,0
6/30/2017,Klickitat,Passenger,22,24,46,14800,14846,0.31
7/31/2017,Klickitat,Passenger,22,24,46,14804,14850,0.31
7/31/2017,Klickitat,Truck,0,0,0,7953,7953,0
8/31/2017,Klickitat,Passenger,21,24,45,14783,14828,0.3
8/31/2017,Klickitat,Truck,0,0,0,7970,7970,0
9/30/2017,Klickitat,Passenger,22,26,48,14775,14823,0.32
9/30/2017,Klickitat,Truck,0,0,0,7988,7988,0
10/31/2017,Klickitat,Truck,0,0,0,8005,8005,0
10/31/2017,Klickitat,Passenger,22,27,49,14805,14854,0.33
11/30/2017,Klickitat,Passenger,23,26,49,14871,14920,0.33
11/30/2017,Klickitat,Truck,0,0,0,8002,8002,0
12/31/2017,Klickitat,Passenger,23,26,49,14902,14951,0.33
12/31/2017,Klickitat,Truck,0,0,0,8003,8003,0
1/31/2018,Klickitat,Passenger,23,26,49,14934,14983,0.33
1/31/2018,Klickitat,Truck,0,0,0,8000,8000,0
2/28/2018,Klickitat,Truck,0,0,0,8039,8039,0
2/28/2018,Klickitat,Passenger,24,27,51,14945,14996,0.34
3/31/2018,Klickitat,Passenger,25,27,52,14974,15026,0.35
3/31/2018,Klickitat,Truck,0,0,0,8046,8046,0
4/30/2018,Klickitat,Passenger,24,29,53,15051,15104,0.35
4/30/2018,Klickitat,Truck,0,0,0,8071,8071,0
5/31/2018,Klickitat,Passenger,25,30,55,15107,15162,0.36
5/31/2018,Klickitat,Truck,0,0,0,8085,8085,0
6/30/2018,Klickitat,Passenger,25,30,55,15166,15221,0.36
6/30/2018,Klickitat,Truck,0,0,0,8118,8118,0
7/31/2018,Klickitat,Passenger,24,31,55,15220,15275,0.36
7/31/2018,Klickitat,Truck,0,0,0,8127,8127,0
8/31/2018,Klickitat,Truck,0,0,0,8159,8159,0
8/31/2018,Klickitat,Passenger,24,32,56,15283,15339,0.37
9/30/2018,Klickitat,Truck,0,0,0,8138,8138,0
9/30/2018,Klickitat,Passenger,24,32,56,15362,15418,0.36
10/31/2018,Klickitat,Truck,0,0,0,8155,8155,0
10/31/2018,Klickitat,Passenger,24,32,56,15389,15445,0.36
11/30/2018,Klickitat,Truck,0,0,0,8184,8184,0
11/30/2018,Klickitat,Passenger,23,32,55,15421,15476,0.36
12/31/2018,Klickitat,Passenger,28,32,60,15431,15491,0.39
12/31/2018,Klickitat,Truck,0,0,0,8210,8210,0
1/31/2019,Klickitat,Passenger,29,32,61,15486,15547,0.39
1/31/2019,Klickitat,Truck,0,0,0,8229,8229,0
2/28/2019,Klickitat,Passenger,30,32,62,15451,15513,0.4
2/28/2019,Klickitat,Truck,0,0,0,8221,8221,0
3/31/2019,Klickitat,Passenger,32,31,63,15425,15488,0.41
3/31/2019,Klickitat,Truck,0,0,0,8207,8207,0
4/30/2019,Klickitat,Truck,0,0,0,8222,8222,0
4/30/2019,Klickitat,Passenger,33,33,66,15507,15573,0.42
5/31/2019,Klickitat,Passenger,35,33,68,15550,15618,0.44
5/31/2019,Klickitat,Truck,0,0,0,8237,8237,0
6/30/2019,Klickitat,Passenger,35,32,67,15557,15624,0.43
6/30/2019,Klickitat,Truck,0,0,0,8251,8251,0
7/31/2019,Klickitat,Truck,0,0,0,8255,8255,0
7/31/2019,Klickitat,Passenger,35,33,68,15582,15650,0.43
8/31/2019,Klickitat,Passenger,37,35,72,15627,15699,0.46
8/31/2019,Klickitat,Truck,0,0,0,8293,8293,0
9/30/2019,Klickitat,Passenger,38,36,74,15626,15700,0.47
9/30/2019,Klickitat,Truck,0,0,0,8299,8299,0
10/31/2019,Klickitat,Passenger,43,37,80,15667,15747,0.51
10/31/2019,Klickitat,Truck,0,0,0,8312,8312,0
11/30/2019,Klickitat,Passenger,45,38,83,15675,15758,0.53
11/30/2019,Klickitat,Truck,0,0,0,8307,8307,0
12/31/2019,Klickitat,Passenger,46,38,84,15676,15760,0.53
12/31/2019,Klickitat,Truck,0,0,0,8319,8319,0
1/31/2020,Klickitat,Truck,0,0,0,8300,8300,0
1/31/2020,Klickitat,Passenger,48,39,87,15684,15771,0.55
2/29/2020,Klickitat,Truck,0,0,0,8302,8302,0
2/29/2020,Klickitat,Passenger,49,41,90,15687,15777,0.57
3/31/2020,Klickitat,Truck,0,0,0,8274,8274,0
3/31/2020,Klickitat,Passenger,51,41,92,15598,15690,0.59
4/30/2020,Klickitat,Truck,0,0,0,8194,8194,0
4/30/2020,Klickitat,Passenger,53,41,94,15426,15520,0.61
5/31/2020,Klickitat,Truck,0,0,0,8122,8122,0
5/31/2020,Klickitat,Passenger,53,40,93,15274,15367,0.61
6/30/2020,Klickitat,Truck,0,0,0,8103,8103,0
6/30/2020,Klickitat,Passenger,53,41,94,15174,15268,0.62
7/31/2020,Klickitat,Truck,0,0,0,8118,8118,0
7/31/2020,Klickitat,Passenger,56,43,99,15115,15214,0.65
8/31/2020,Klickitat,Truck,0,0,0,8106,8106,0
8/31/2020,Klickitat,Passenger,57,42,99,15044,15143,0.65
9/30/2020,Klickitat,Truck,0,0,0,8106,8106,0
9/30/2020,Klickitat,Passenger,58,42,100,15024,15124,0.66
10/31/2020,Klickitat,Passenger,59,44,103,15004,15107,0.68
10/31/2020,Klickitat,Truck,0,0,0,8089,8089,0
11/30/2020,Klickitat,Truck,0,0,0,8086,8086,0
11/30/2020,Klickitat,Passenger,62,42,104,14979,15083,0.69
12/31/2020,Klickitat,Passenger,62,43,105,14982,15087,0.7
12/31/2020,Klickitat,Truck,0,0,0,8088,8088,0
1/31/2021,Klickitat,Truck,0,0,0,8117,8117,0
1/31/2021,Klickitat,Passenger,63,43,106,14991,15097,0.7
2/28/2021,Klickitat,Truck,0,0,0,8118,8118,0
2/28/2021,Klickitat,Passenger,65,45,110,15001,15111,0.73
3/31/2021,Klickitat,Truck,0,0,0,8173,8173,0
3/31/2021,Klickitat,Passenger,65,46,111,15032,15143,0.73
4/30/2021,Klickitat,Passenger,67,47,114,15191,15305,0.74
4/30/2021,Klickitat,Truck,0,0,0,8248,8248,0
5/31/2021,Klickitat,Passenger,66,47,113,15241,15354,0.74
5/31/2021,Klickitat,Truck,0,0,0,8263,8263,0
6/30/2021,Klickitat,Truck,0,0,0,8301,8301,0
6/30/2021,Klickitat,Passenger,70,51,121,15283,15404,0.79
7/31/2021,Klickitat,Truck,0,0,0,8313,8313,0
7/31/2021,Klickitat,Passenger,77,50,127,15346,15473,0.82
8/31/2021,Klickitat,Passenger,82,51,133,15365,15498,0.86
8/31/2021,Klickitat,Truck,0,0,0,8331,8331,0
9/30/2021,Klickitat,Passenger,83,51,134,15395,15529,0.86
9/30/2021,Klickitat,Truck,0,0,0,8341,8341,0
10/31/2021,Klickitat,Passenger,87,51,138,15361,15499,0.89
10/31/2021,Klickitat,Truck,0,0,0,8316,8316,0
11/30/2021,Klickitat,Passenger,88,52,140,15351,15491,0.9
11/30/2021,Klickitat,Truck,0,0,0,8335,8335,0
12/31/2021,Klickitat,Truck,0,0,0,8333,8333,0
12/31/2021,Klickitat,Passenger,89,53,142,15348,15490,0.92
1/31/2022,Klickitat,Passenger,90,54,144,15313,15457,0.93
1/31/2022,Klickitat,Truck,0,0,0,8335,8335,0
2/28/2022,Klickitat,Passenger,92,53,145,15306,15451,0.94
2/28/2022,Klickitat,Truck,0,0,0,8332,8332,0
3/31/2022,Klickitat,Passenger,96,54,150,15335,15485,0.97
3/31/2022,Klickitat,Truck,0,0,0,8312,8312,0
4/30/2022,Klickitat,Passenger,100,55,155,15246,15401,1.01
4/30/2022,Klickitat,Truck,0,0,0,8282,8282,0
5/31/2022,Klickitat,Passenger,99,54,153,15248,15401,0.99
5/31/2022,Klickitat,Truck,1,0,1,8295,8296,0.01
6/30/2022,Klickitat,Truck,0,0,0,8296,8296,0
6/30/2022,Klickitat,Passenger,103,55,158,15251,15409,1.03
7/31/2022,Klickitat,Passenger,106,56,162,15205,15367,1.05
7/31/2022,Klickitat,Truck,0,0,0,8290,8290,0
8/31/2022,Klickitat,Passenger,106,54,160,15195,15355,1.04
8/31/2022,Klickitat,Truck,2,0,2,8270,8272,0.02
9/30/2022,Klickitat,Truck,2,0,2,8259,8261,0.02
9/30/2022,Klickitat,Passenger,108,53,161,15147,15308,1.05
10/31/2022,Klickitat,Truck,3,0,3,8243,8246,0.04
10/31/2022,Klickitat,Passenger,113,51,164,15106,15270,1.07
11/30/2022,Klickitat,Truck,3,0,3,8240,8243,0.04
11/30/2022,Klickitat,Passenger,119,53,172,15109,15281,1.13
12/31/2022,Klickitat,Truck,4,0,4,8217,8221,0.05
12/31/2022,Klickitat,Passenger,122,51,173,15123,15296,1.13
1/31/2023,Klickitat,Passenger,125,53,178,15133,15311,1.16
1/31/2023,Klickitat,Truck,4,0,4,8209,8213,0.05
2/28/2023,Klickitat,Truck,4,0,4,8224,8228,0.05
2/28/2023,Klickitat,Passenger,125,56,181,15079,15260,1.19
3/31/2023,Klickitat,Truck,6,0,6,8216,8222,0.07
3/31/2023,Klickitat,Passenger,131,58,189,15054,15243,1.24
4/30/2023,Klickitat,Passenger,137,58,195,14953,15148,1.29
4/30/2023,Klickitat,Truck,8,0,8,8132,8140,0.1
5/31/2023,Klickitat,Passenger,142,62,204,14808,15012,1.36
5/31/2023,Klickitat,Truck,11,0,11,8028,8039,0.14
1/31/2017,Lewis,Truck,0,0,0,24789,24789,0
1/31/2017,Lewis,Passenger,43,30,73,54961,55034,0.13
2/28/2017,Lewis,Passenger,45,31,76,54971,55047,0.14
2/28/2017,Lewis,Truck,0,0,0,24781,24781,0
3/31/2017,Lewis,Passenger,45,34,79,55097,55176,0.14
3/31/2017,Lewis,Truck,0,0,0,24811,24811,0
4/30/2017,Lewis,Truck,0,0,0,24795,24795,0
4/30/2017,Lewis,Passenger,46,33,79,55194,55273,0.14
5/31/2017,Lewis,Passenger,49,33,82,55365,55447,0.15
5/31/2017,Lewis,Truck,0,0,0,24819,24819,0
6/30/2017,Lewis,Passenger,51,34,85,55548,55633,0.15
6/30/2017,Lewis,Truck,0,0,0,24835,24835,0
7/31/2017,Lewis,Truck,0,0,0,24912,24912,0
7/31/2017,Lewis,Passenger,52,36,88,55560,55648,0.16
8/31/2017,Lewis,Passenger,55,38,93,55798,55891,0.17
8/31/2017,Lewis,Truck,0,0,0,25011,25011,0
9/30/2017,Lewis,Passenger,53,38,91,56026,56117,0.16
9/30/2017,Lewis,Truck,0,0,0,25113,25113,0
10/31/2017,Lewis,Truck,0,0,0,25209,25209,0
10/31/2017,Lewis,Passenger,53,39,92,56278,56370,0.16
11/30/2017,Lewis,Passenger,53,39,92,56421,56513,0.16
11/30/2017,Lewis,Truck,0,0,0,25233,25233,0
12/31/2017,Lewis,Truck,0,0,0,25309,25309,0
12/31/2017,Lewis,Passenger,54,40,94,56574,56668,0.17
1/31/2018,Lewis,Passenger,52,43,95,56807,56902,0.17
1/31/2018,Lewis,Truck,0,0,0,25324,25324,0
2/28/2018,Lewis,Passenger,52,45,97,56860,56957,0.17
2/28/2018,Lewis,Truck,0,0,0,25267,25267,0
3/31/2018,Lewis,Truck,0,0,0,25253,25253,0
3/31/2018,Lewis,Passenger,55,47,102,57152,57254,0.18
4/30/2018,Lewis,Truck,0,0,0,25309,25309,0
4/30/2018,Lewis,Passenger,78,51,129,57351,57480,0.22
5/31/2018,Lewis,Truck,0,0,0,25406,25406,0
5/31/2018,Lewis,Passenger,78,54,132,57566,57698,0.23
6/30/2018,Lewis,Truck,0,0,0,25482,25482,0
6/30/2018,Lewis,Passenger,80,59,139,57684,57823,0.24
7/31/2018,Lewis,Passenger,83,59,142,57809,57951,0.25
7/31/2018,Lewis,Truck,0,0,0,25584,25584,0
8/31/2018,Lewis,Truck,0,0,0,25608,25608,0
8/31/2018,Lewis,Passenger,83,62,145,57861,58006,0.25
9/30/2018,Lewis,Truck,0,0,0,25569,25569,0
9/30/2018,Lewis,Passenger,84,66,150,57927,58077,0.26
10/31/2018,Lewis,Passenger,88,70,158,58035,58193,0.27
10/31/2018,Lewis,Truck,0,0,0,25611,25611,0
11/30/2018,Lewis,Truck,0,0,0,25625,25625,0
11/30/2018,Lewis,Passenger,89,71,160,58206,58366,0.27
12/31/2018,Lewis,Truck,0,0,0,25634,25634,0
12/31/2018,Lewis,Passenger,93,77,170,58321,58491,0.29
1/31/2019,Lewis,Passenger,95,82,177,58363,58540,0.3
1/31/2019,Lewis,Truck,0,0,0,25663,25663,0
2/28/2019,Lewis,Passenger,96,84,180,58307,58487,0.31
2/28/2019,Lewis,Truck,0,0,0,25700,25700,0
3/31/2019,Lewis,Passenger,95,90,185,58523,58708,0.32
3/31/2019,Lewis,Truck,0,0,0,25757,25757,0
4/30/2019,Lewis,Truck,0,0,0,25829,25829,0
4/30/2019,Lewis,Passenger,95,91,186,58821,59007,0.32
5/31/2019,Lewis,Truck,0,0,0,25917,25917,0
5/31/2019,Lewis,Passenger,97,93,190,59034,59224,0.32
6/30/2019,Lewis,Passenger,99,92,191,59122,59313,0.32
6/30/2019,Lewis,Truck,0,0,0,25954,25954,0
7/31/2019,Lewis,Truck,0,0,0,25969,25969,0
7/31/2019,Lewis,Passenger,100,96,196,59367,59563,0.33
8/31/2019,Lewis,Truck,0,0,0,25988,25988,0
8/31/2019,Lewis,Passenger,105,96,201,59362,59563,0.34
9/30/2019,Lewis,Truck,0,0,0,25972,25972,0
9/30/2019,Lewis,Passenger,107,101,208,59363,59571,0.35
10/31/2019,Lewis,Passenger,108,102,210,59450,59660,0.35
10/31/2019,Lewis,Truck,0,0,0,26046,26046,0
11/30/2019,Lewis,Passenger,109,103,212,59512,59724,0.35
11/30/2019,Lewis,Truck,0,0,0,26113,26113,0
12/31/2019,Lewis,Passenger,106,102,208,59558,59766,0.35
12/31/2019,Lewis,Truck,0,0,0,26089,26089,0
1/31/2020,Lewis,Passenger,109,104,213,59602,59815,0.36
1/31/2020,Lewis,Truck,0,0,0,26098,26098,0
2/29/2020,Lewis,Passenger,108,105,213,59583,59796,0.36
2/29/2020,Lewis,Truck,0,0,0,26102,26102,0
3/31/2020,Lewis,Passenger,105,108,213,59210,59423,0.36
3/31/2020,Lewis,Truck,0,0,0,26030,26030,0
4/30/2020,Lewis,Passenger,99,106,205,58652,58857,0.35
4/30/2020,Lewis,Truck,0,0,0,25977,25977,0
5/31/2020,Lewis,Truck,0,0,0,26000,26000,0
5/31/2020,Lewis,Passenger,99,108,207,58241,58448,0.35
6/30/2020,Lewis,Passenger,102,111,213,58176,58389,0.36
6/30/2020,Lewis,Truck,0,0,0,26206,26206,0
7/31/2020,Lewis,Truck,0,0,0,26282,26282,0
7/31/2020,Lewis,Passenger,107,115,222,58137,58359,0.38
8/31/2020,Lewis,Passenger,112,117,229,58205,58434,0.39
8/31/2020,Lewis,Truck,0,0,0,26359,26359,0
9/30/2020,Lewis,Truck,0,0,0,26444,26444,0
9/30/2020,Lewis,Passenger,111,117,228,58307,58535,0.39
10/31/2020,Lewis,Passenger,114,115,229,58449,58678,0.39
10/31/2020,Lewis,Truck,0,0,0,26494,26494,0
11/30/2020,Lewis,Passenger,117,117,234,58632,58866,0.4
11/30/2020,Lewis,Truck,0,0,0,26543,26543,0
12/31/2020,Lewis,Passenger,123,122,245,58841,59086,0.41
12/31/2020,Lewis,Truck,0,0,0,26620,26620,0
1/31/2021,Lewis,Truck,0,0,0,26712,26712,0
1/31/2021,Lewis,Passenger,126,131,257,58903,59160,0.43
2/28/2021,Lewis,Passenger,127,132,259,58858,59117,0.44
2/28/2021,Lewis,Truck,0,0,0,26703,26703,0
3/31/2021,Lewis,Truck,0,0,0,26812,26812,0
3/31/2021,Lewis,Passenger,130,134,264,59290,59554,0.44
4/30/2021,Lewis,Passenger,146,135,281,59777,60058,0.47
4/30/2021,Lewis,Truck,0,0,0,26909,26909,0
5/31/2021,Lewis,Truck,0,0,0,26894,26894,0
5/31/2021,Lewis,Passenger,157,135,292,59809,60101,0.49
6/30/2021,Lewis,Truck,0,0,0,26857,26857,0
6/30/2021,Lewis,Passenger,163,139,302,59679,59981,0.5
7/31/2021,Lewis,Passenger,165,144,309,59657,59966,0.52
7/31/2021,Lewis,Truck,0,0,0,26763,26763,0
8/31/2021,Lewis,Passenger,181,151,332,59646,59978,0.55
8/31/2021,Lewis,Truck,0,0,0,26749,26749,0
9/30/2021,Lewis,Passenger,185,149,334,59589,59923,0.56
9/30/2021,Lewis,Truck,0,0,0,26706,26706,0
10/31/2021,Lewis,Passenger,194,158,352,59632,59984,0.59
10/31/2021,Lewis,Truck,0,0,0,26741,26741,0
11/30/2021,Lewis,Passenger,199,163,362,59633,59995,0.6
11/30/2021,Lewis,Truck,0,0,0,26722,26722,0
12/31/2021,Lewis,Truck,0,0,0,26681,26681,0
12/31/2021,Lewis,Passenger,206,164,370,59617,59987,0.62
1/31/2022,Lewis,Passenger,213,165,378,59518,59896,0.63
1/31/2022,Lewis,Truck,0,0,0,26657,26657,0
2/28/2022,Lewis,Passenger,221,166,387,59455,59842,0.65
2/28/2022,Lewis,Truck,0,0,0,26610,26610,0
3/31/2022,Lewis,Passenger,226,164,390,59499,59889,0.65
3/31/2022,Lewis,Truck,0,0,0,26522,26522,0
4/30/2022,Lewis,Truck,0,0,0,26442,26442,0
4/30/2022,Lewis,Passenger,232,171,403,59520,59923,0.67
5/31/2022,Lewis,Passenger,231,173,404,59525,59929,0.67
5/31/2022,Lewis,Truck,0,0,0,26426,26426,0
6/30/2022,Lewis,Passenger,235,177,412,59765,60177,0.68
6/30/2022,Lewis,Truck,0,0,0,26414,26414,0
7/31/2022,Lewis,Truck,0,0,0,26353,26353,0
7/31/2022,Lewis,Passenger,246,177,423,59707,60130,0.7
8/31/2022,Lewis,Truck,0,0,0,26337,26337,0
8/31/2022,Lewis,Passenger,242,177,419,59732,60151,0.7
9/30/2022,Lewis,Passenger,251,176,427,59842,60269,0.71
9/30/2022,Lewis,Truck,1,0,1,26364,26365,0
10/31/2022,Lewis,Truck,2,0,2,26356,26358,0.01
10/31/2022,Lewis,Passenger,260,179,439,59887,60326,0.73
11/30/2022,Lewis,Passenger,259,178,437,59937,60374,0.72
11/30/2022,Lewis,Truck,2,0,2,26310,26312,0.01
12/31/2022,Lewis,Passenger,267,182,449,59816,60265,0.75
12/31/2022,Lewis,Truck,1,0,1,26248,26249,0
1/31/2023,Lewis,Truck,2,0,2,26194,26196,0.01
1/31/2023,Lewis,Passenger,280,185,465,59576,60041,0.77
2/28/2023,Lewis,Passenger,291,185,476,59428,59904,0.79
2/28/2023,Lewis,Truck,4,0,4,26070,26074,0.02
3/31/2023,Lewis,Passenger,293,190,483,58153,58636,0.82
3/31/2023,Lewis,Truck,5,0,5,25855,25860,0.02
4/30/2023,Lewis,Passenger,300,194,494,57968,58462,0.84
4/30/2023,Lewis,Truck,6,0,6,25675,25681,0.02
5/31/2023,Lewis,Passenger,304,202,506,57409,57915,0.87
5/31/2023,Lewis,Truck,7,0,7,25281,25288,0.03
1/31/2017,Lincoln,Passenger,2,4,6,7544,7550,0.08
1/31/2017,Lincoln,Truck,0,0,0,4462,4462,0
2/28/2017,Lincoln,Truck,0,0,0,4463,4463,0
2/28/2017,Lincoln,Passenger,2,4,6,7510,7516,0.08
3/31/2017,Lincoln,Truck,0,0,0,4469,4469,0
3/31/2017,Lincoln,Passenger,2,4,6,7507,7513,0.08
4/30/2017,Lincoln,Passenger,2,4,6,7482,7488,0.08
4/30/2017,Lincoln,Truck,0,0,0,4464,4464,0
5/31/2017,Lincoln,Passenger,2,5,7,7508,7515,0.09
5/31/2017,Lincoln,Truck,0,0,0,4459,4459,0
6/30/2017,Lincoln,Passenger,2,5,7,7528,7535,0.09
6/30/2017,Lincoln,Truck,0,0,0,4429,4429,0
7/31/2017,Lincoln,Truck,0,0,0,4445,4445,0
7/31/2017,Lincoln,Passenger,2,5,7,7520,7527,0.09
8/31/2017,Lincoln,Truck,0,0,0,4457,4457,0
8/31/2017,Lincoln,Passenger,1,5,6,7573,7579,0.08
9/30/2017,Lincoln,Passenger,2,6,8,7565,7573,0.11
9/30/2017,Lincoln,Truck,0,0,0,4472,4472,0
10/31/2017,Lincoln,Truck,0,0,0,4491,4491,0
10/31/2017,Lincoln,Passenger,2,5,7,7577,7584,0.09
11/30/2017,Lincoln,Truck,0,0,0,4484,4484,0
11/30/2017,Lincoln,Passenger,2,5,7,7555,7562,0.09
12/31/2017,Lincoln,Truck,0,0,0,4493,4493,0
12/31/2017,Lincoln,Passenger,2,5,7,7572,7579,0.09
1/31/2018,Lincoln,Passenger,2,5,7,7590,7597,0.09
1/31/2018,Lincoln,Truck,0,0,0,4504,4504,0
2/28/2018,Lincoln,Passenger,2,5,7,7596,7603,0.09
2/28/2018,Lincoln,Truck,0,0,0,4511,4511,0
3/31/2018,Lincoln,Passenger,2,5,7,7580,7587,0.09
3/31/2018,Lincoln,Truck,0,0,0,4515,4515,0
4/30/2018,Lincoln,Truck,0,0,0,4532,4532,0
4/30/2018,Lincoln,Passenger,2,6,8,7615,7623,0.1
5/31/2018,Lincoln,Passenger,2,6,8,7646,7654,0.1
5/31/2018,Lincoln,Truck,0,0,0,4537,4537,0
6/30/2018,Lincoln,Truck,0,0,0,4559,4559,0
6/30/2018,Lincoln,Passenger,2,6,8,7688,7696,0.1
7/31/2018,Lincoln,Truck,0,0,0,4557,4557,0
7/31/2018,Lincoln,Passenger,3,6,9,7751,7760,0.12
8/31/2018,Lincoln,Truck,0,0,0,4572,4572,0
8/31/2018,Lincoln,Passenger,3,6,9,7751,7760,0.12
9/30/2018,Lincoln,Passenger,2,6,8,7751,7759,0.1
9/30/2018,Lincoln,Truck,0,0,0,4580,4580,0
10/31/2018,Lincoln,Passenger,2,6,8,7743,7751,0.1
10/31/2018,Lincoln,Truck,0,0,0,4608,4608,0
11/30/2018,Lincoln,Passenger,2,6,8,7775,7783,0.1
11/30/2018,Lincoln,Truck,0,0,0,4630,4630,0
12/31/2018,Lincoln,Truck,0,0,0,4639,4639,0
12/31/2018,Lincoln,Passenger,2,5,7,7784,7791,0.09
1/31/2019,Lincoln,Passenger,2,5,7,7759,7766,0.09
1/31/2019,Lincoln,Truck,0,0,0,4666,4666,0
2/28/2019,Lincoln,Passenger,3,5,8,7739,7747,0.1
2/28/2019,Lincoln,Truck,0,0,0,4667,4667,0
3/31/2019,Lincoln,Passenger,3,6,9,7737,7746,0.12
3/31/2019,Lincoln,Truck,0,0,0,4683,4683,0
4/30/2019,Lincoln,Passenger,3,6,9,7760,7769,0.12
4/30/2019,Lincoln,Truck,0,0,0,4700,4700,0
5/31/2019,Lincoln,Passenger,3,8,11,7776,7787,0.14
5/31/2019,Lincoln,Truck,0,0,0,4695,4695,0
6/30/2019,Lincoln,Truck,0,0,0,4676,4676,0
6/30/2019,Lincoln,Passenger,2,8,10,7780,7790,0.13
7/31/2019,Lincoln,Passenger,2,10,12,7797,7809,0.15
7/31/2019,Lincoln,Truck,0,0,0,4684,4684,0
8/31/2019,Lincoln,Passenger,2,10,12,7790,7802,0.15
8/31/2019,Lincoln,Truck,0,0,0,4683,4683,0
9/30/2019,Lincoln,Passenger,2,10,12,7811,7823,0.15
9/30/2019,Lincoln,Truck,0,0,0,4690,4690,0
10/31/2019,Lincoln,Passenger,2,11,13,7835,7848,0.17
10/31/2019,Lincoln,Truck,0,0,0,4691,4691,0
11/30/2019,Lincoln,Truck,0,0,0,4695,4695,0
11/30/2019,Lincoln,Passenger,1,11,12,7802,7814,0.15
12/31/2019,Lincoln,Truck,0,0,0,4683,4683,0
12/31/2019,Lincoln,Passenger,1,11,12,7808,7820,0.15
1/31/2020,Lincoln,Truck,0,0,0,4671,4671,0
1/31/2020,Lincoln,Passenger,1,11,12,7791,7803,0.15
2/29/2020,Lincoln,Truck,0,0,0,4658,4658,0
2/29/2020,Lincoln,Passenger,1,12,13,7785,7798,0.17
3/31/2020,Lincoln,Truck,0,0,0,4659,4659,0
3/31/2020,Lincoln,Passenger,2,12,14,7754,7768,0.18
4/30/2020,Lincoln,Truck,0,0,0,4627,4627,0
4/30/2020,Lincoln,Passenger,4,12,16,7680,7696,0.21
5/31/2020,Lincoln,Truck,0,0,0,4618,4618,0
5/31/2020,Lincoln,Passenger,4,12,16,7644,7660,0.21
6/30/2020,Lincoln,Truck,0,0,0,4624,4624,0
6/30/2020,Lincoln,Passenger,5,12,17,7628,7645,0.22
7/31/2020,Lincoln,Truck,0,0,0,4661,4661,0
7/31/2020,Lincoln,Passenger,5,11,16,7652,7668,0.21
8/31/2020,Lincoln,Truck,0,0,0,4652,4652,0
8/31/2020,Lincoln,Passenger,5,11,16,7629,7645,0.21
9/30/2020,Lincoln,Passenger,5,10,15,7599,7614,0.2
9/30/2020,Lincoln,Truck,0,0,0,4640,4640,0
10/31/2020,Lincoln,Passenger,5,10,15,7613,7628,0.2
10/31/2020,Lincoln,Truck,0,0,0,4661,4661,0
11/30/2020,Lincoln,Truck,0,0,0,4660,4660,0
11/30/2020,Lincoln,Passenger,5,11,16,7619,7635,0.21
12/31/2020,Lincoln,Passenger,5,12,17,7646,7663,0.22
12/31/2020,Lincoln,Truck,0,0,0,4673,4673,0
1/31/2021,Lincoln,Passenger,6,12,18,7634,7652,0.24
1/31/2021,Lincoln,Truck,0,0,0,4693,4693,0
2/28/2021,Lincoln,Passenger,6,13,19,7650,7669,0.25
2/28/2021,Lincoln,Truck,0,0,0,4689,4689,0
3/31/2021,Lincoln,Truck,0,0,0,4733,4733,0
3/31/2021,Lincoln,Passenger,5,13,18,7693,7711,0.23
4/30/2021,Lincoln,Passenger,5,13,18,7753,7771,0.23
4/30/2021,Lincoln,Truck,0,0,0,4752,4752,0
5/31/2021,Lincoln,Passenger,5,13,18,7735,7753,0.23
5/31/2021,Lincoln,Truck,0,0,0,4755,4755,0
6/30/2021,Lincoln,Passenger,5,13,18,7740,7758,0.23
6/30/2021,Lincoln,Truck,0,0,0,4755,4755,0
7/31/2021,Lincoln,Truck,0,0,0,4760,4760,0
7/31/2021,Lincoln,Passenger,6,15,21,7725,7746,0.27
8/31/2021,Lincoln,Truck,0,0,0,4774,4774,0
8/31/2021,Lincoln,Passenger,7,15,22,7698,7720,0.28
9/30/2021,Lincoln,Passenger,7,16,23,7685,7708,0.3
9/30/2021,Lincoln,Truck,0,0,0,4785,4785,0
10/31/2021,Lincoln,Passenger,7,16,23,7711,7734,0.3
10/31/2021,Lincoln,Truck,0,0,0,4805,4805,0
11/30/2021,Lincoln,Passenger,7,16,23,7697,7720,0.3
11/30/2021,Lincoln,Truck,0,0,0,4812,4812,0
12/31/2021,Lincoln,Truck,0,0,0,4824,4824,0
12/31/2021,Lincoln,Passenger,7,16,23,7723,7746,0.3
1/31/2022,Lincoln,Truck,0,0,0,4836,4836,0
1/31/2022,Lincoln,Passenger,6,17,23,7742,7765,0.3
2/28/2022,Lincoln,Passenger,7,17,24,7689,7713,0.31
2/28/2022,Lincoln,Truck,0,0,0,4846,4846,0
3/31/2022,Lincoln,Passenger,7,18,25,7672,7697,0.32
3/31/2022,Lincoln,Truck,0,0,0,4837,4837,0
4/30/2022,Lincoln,Truck,0,0,0,4853,4853,0
4/30/2022,Lincoln,Passenger,7,18,25,7674,7699,0.32
5/31/2022,Lincoln,Passenger,8,18,26,7697,7723,0.34
5/31/2022,Lincoln,Truck,0,0,0,4841,4841,0
6/30/2022,Lincoln,Passenger,8,18,26,7717,7743,0.34
6/30/2022,Lincoln,Truck,0,0,0,4835,4835,0
7/31/2022,Lincoln,Truck,0,0,0,4834,4834,0
7/31/2022,Lincoln,Passenger,9,16,25,7721,7746,0.32
8/31/2022,Lincoln,Truck,0,0,0,4844,4844,0
8/31/2022,Lincoln,Passenger,9,15,24,7701,7725,0.31
9/30/2022,Lincoln,Truck,0,0,0,4851,4851,0
9/30/2022,Lincoln,Passenger,10,15,25,7729,7754,0.32
10/31/2022,Lincoln,Truck,0,0,0,4859,4859,0
10/31/2022,Lincoln,Passenger,12,16,28,7735,7763,0.36
11/30/2022,Lincoln,Passenger,12,18,30,7771,7801,0.38
11/30/2022,Lincoln,Truck,0,0,0,4857,4857,0
12/31/2022,Lincoln,Passenger,12,17,29,7765,7794,0.37
12/31/2022,Lincoln,Truck,0,0,0,4842,4842,0
1/31/2023,Lincoln,Passenger,14,18,32,7755,7787,0.41
1/31/2023,Lincoln,Truck,0,0,0,4843,4843,0
2/28/2023,Lincoln,Passenger,16,16,32,7718,7750,0.41
2/28/2023,Lincoln,Truck,0,0,0,4833,4833,0
3/31/2023,Lincoln,Truck,0,0,0,4825,4825,0
3/31/2023,Lincoln,Passenger,18,15,33,7651,7684,0.43
4/30/2023,Lincoln,Passenger,18,15,33,7573,7606,0.43
4/30/2023,Lincoln,Truck,0,0,0,4805,4805,0
5/31/2023,Lincoln,Passenger,16,16,32,7522,7554,0.42
5/31/2023,Lincoln,Truck,0,0,0,4765,4765,0
1/31/2017,Mason,Passenger,48,60,108,42816,42924,0.25
1/31/2017,Mason,Truck,0,0,0,19188,19188,0
2/28/2017,Mason,Passenger,47,63,110,42786,42896,0.26
2/28/2017,Mason,Truck,0,0,0,19197,19197,0
3/31/2017,Mason,Passenger,50,65,115,42937,43052,0.27
3/31/2017,Mason,Truck,0,0,0,19231,19231,0
4/30/2017,Mason,Passenger,49,64,113,43011,43124,0.26
4/30/2017,Mason,Truck,0,0,0,19242,19242,0
5/31/2017,Mason,Passenger,51,66,117,43307,43424,0.27
5/31/2017,Mason,Truck,0,0,0,19265,19265,0
6/30/2017,Mason,Truck,0,0,0,19273,19273,0
6/30/2017,Mason,Passenger,56,68,124,43461,43585,0.28
7/31/2017,Mason,Passenger,57,71,128,43641,43769,0.29
7/31/2017,Mason,Truck,0,0,0,19262,19262,0
8/31/2017,Mason,Passenger,59,73,132,43930,44062,0.3
8/31/2017,Mason,Truck,0,0,0,19334,19334,0
9/30/2017,Mason,Truck,0,0,0,19380,19380,0
9/30/2017,Mason,Passenger,61,73,134,44181,44315,0.3
10/31/2017,Mason,Passenger,61,74,135,44460,44595,0.3
10/31/2017,Mason,Truck,0,0,0,19471,19471,0
11/30/2017,Mason,Passenger,63,72,135,44610,44745,0.3
11/30/2017,Mason,Truck,0,0,0,19540,19540,0
12/31/2017,Mason,Truck,0,0,0,19593,19593,0
12/31/2017,Mason,Passenger,66,75,141,44849,44990,0.31
1/31/2018,Mason,Passenger,65,77,142,44983,45125,0.31
1/31/2018,Mason,Truck,0,0,0,19646,19646,0
2/28/2018,Mason,Truck,0,0,0,19726,19726,0
2/28/2018,Mason,Passenger,64,80,144,45055,45199,0.32
3/31/2018,Mason,Truck,0,0,0,19794,19794,0
3/31/2018,Mason,Passenger,68,83,151,45222,45373,0.33
4/30/2018,Mason,Truck,0,0,0,19809,19809,0
4/30/2018,Mason,Passenger,71,87,158,45398,45556,0.35
5/31/2018,Mason,Passenger,77,93,170,45597,45767,0.37
5/31/2018,Mason,Truck,0,0,0,19875,19875,0
6/30/2018,Mason,Passenger,82,92,174,45716,45890,0.38
6/30/2018,Mason,Truck,0,0,0,19956,19956,0
7/31/2018,Mason,Passenger,87,93,180,45869,46049,0.39
7/31/2018,Mason,Truck,0,0,0,20051,20051,0
8/31/2018,Mason,Truck,0,0,0,20085,20085,0
8/31/2018,Mason,Passenger,92,97,189,46053,46242,0.41
9/30/2018,Mason,Passenger,94,100,194,46190,46384,0.42
9/30/2018,Mason,Truck,0,0,0,20090,20090,0
10/31/2018,Mason,Passenger,101,108,209,46360,46569,0.45
10/31/2018,Mason,Truck,0,0,0,20174,20174,0
11/30/2018,Mason,Truck,0,0,0,20191,20191,0
11/30/2018,Mason,Passenger,103,110,213,46432,46645,0.46
12/31/2018,Mason,Passenger,107,110,217,46467,46684,0.46
12/31/2018,Mason,Truck,0,0,0,20193,20193,0
1/31/2019,Mason,Passenger,108,115,223,46665,46888,0.48
1/31/2019,Mason,Truck,0,0,0,20225,20225,0
2/28/2019,Mason,Passenger,109,117,226,46682,46908,0.48
2/28/2019,Mason,Truck,0,0,0,20230,20230,0
3/31/2019,Mason,Passenger,114,117,231,46722,46953,0.49
3/31/2019,Mason,Truck,0,0,0,20275,20275,0
4/30/2019,Mason,Passenger,117,118,235,46873,47108,0.5
4/30/2019,Mason,Truck,0,0,0,20327,20327,0
5/31/2019,Mason,Truck,0,0,0,20365,20365,0
5/31/2019,Mason,Passenger,121,120,241,47021,47262,0.51
6/30/2019,Mason,Passenger,124,122,246,47196,47442,0.52
6/30/2019,Mason,Truck,0,0,0,20363,20363,0
7/31/2019,Mason,Truck,0,0,0,20414,20414,0
7/31/2019,Mason,Passenger,127,126,253,47324,47577,0.53
8/31/2019,Mason,Truck,0,0,0,20416,20416,0
8/31/2019,Mason,Passenger,130,127,257,47437,47694,0.54
9/30/2019,Mason,Passenger,133,129,262,47451,47713,0.55
9/30/2019,Mason,Truck,0,0,0,20441,20441,0
10/31/2019,Mason,Truck,0,0,0,20469,20469,0
10/31/2019,Mason,Passenger,140,129,269,47572,47841,0.56
11/30/2019,Mason,Passenger,140,131,271,47617,47888,0.57
11/30/2019,Mason,Truck,0,0,0,20510,20510,0
12/31/2019,Mason,Passenger,142,136,278,47643,47921,0.58
12/31/2019,Mason,Truck,0,0,0,20529,20529,0
1/31/2020,Mason,Passenger,150,136,286,47632,47918,0.6
1/31/2020,Mason,Truck,0,0,0,20565,20565,0
2/29/2020,Mason,Passenger,150,136,286,47605,47891,0.6
2/29/2020,Mason,Truck,0,0,0,20603,20603,0
3/31/2020,Mason,Truck,0,0,0,20577,20577,0
3/31/2020,Mason,Passenger,153,136,289,47521,47810,0.6
4/30/2020,Mason,Truck,0,0,0,20532,20532,0
4/30/2020,Mason,Passenger,155,136,291,47221,47512,0.61
5/31/2020,Mason,Passenger,157,138,295,47188,47483,0.62
5/31/2020,Mason,Truck,0,0,0,20508,20508,0
6/30/2020,Mason,Passenger,159,136,295,47280,47575,0.62
6/30/2020,Mason,Truck,0,0,0,20604,20604,0
7/31/2020,Mason,Truck,0,0,0,20714,20714,0
7/31/2020,Mason,Passenger,160,135,295,47381,47676,0.62
8/31/2020,Mason,Passenger,162,134,296,47413,47709,0.62
8/31/2020,Mason,Truck,0,0,0,20778,20778,0
9/30/2020,Mason,Passenger,162,132,294,47466,47760,0.62
9/30/2020,Mason,Truck,0,0,0,20803,20803,0
10/31/2020,Mason,Passenger,165,135,300,47506,47806,0.63
10/31/2020,Mason,Truck,0,0,0,20836,20836,0
11/30/2020,Mason,Truck,0,0,0,20860,20860,0
11/30/2020,Mason,Passenger,169,136,305,47508,47813,0.64
12/31/2020,Mason,Truck,0,0,0,20948,20948,0
12/31/2020,Mason,Passenger,173,134,307,47656,47963,0.64
1/31/2021,Mason,Truck,0,0,0,21024,21024,0
1/31/2021,Mason,Passenger,179,138,317,47697,48014,0.66
2/28/2021,Mason,Passenger,177,136,313,47654,47967,0.65
2/28/2021,Mason,Truck,0,0,0,21054,21054,0
3/31/2021,Mason,Truck,0,0,0,21169,21169,0
3/31/2021,Mason,Passenger,185,138,323,47901,48224,0.67
4/30/2021,Mason,Passenger,191,135,326,48102,48428,0.67
4/30/2021,Mason,Truck,0,0,0,21292,21292,0
5/31/2021,Mason,Truck,0,0,0,21343,21343,0
5/31/2021,Mason,Passenger,207,137,344,48119,48463,0.71
6/30/2021,Mason,Truck,0,0,0,21338,21338,0
6/30/2021,Mason,Passenger,215,141,356,48185,48541,0.73
7/31/2021,Mason,Passenger,216,140,356,48104,48460,0.73
7/31/2021,Mason,Truck,0,0,0,21345,21345,0
8/31/2021,Mason,Passenger,227,147,374,48085,48459,0.77
8/31/2021,Mason,Truck,0,0,0,21326,21326,0
9/30/2021,Mason,Passenger,239,151,390,47994,48384,0.81
9/30/2021,Mason,Truck,0,0,0,21294,21294,0
10/31/2021,Mason,Passenger,246,156,402,47907,48309,0.83
10/31/2021,Mason,Truck,0,0,0,21286,21286,0
11/30/2021,Mason,Truck,0,0,0,21257,21257,0
11/30/2021,Mason,Passenger,255,158,413,47814,48227,0.86
12/31/2021,Mason,Passenger,266,158,424,47777,48201,0.88
12/31/2021,Mason,Truck,0,0,0,21222,21222,0
1/31/2022,Mason,Passenger,272,161,433,47782,48215,0.9
1/31/2022,Mason,Truck,0,0,0,21190,21190,0
2/28/2022,Mason,Truck,0,0,0,21187,21187,0
2/28/2022,Mason,Passenger,280,166,446,47739,48185,0.93
3/31/2022,Mason,Passenger,286,171,457,47653,48110,0.95
3/31/2022,Mason,Truck,0,0,0,21173,21173,0
4/30/2022,Mason,Truck,0,0,0,21136,21136,0
4/30/2022,Mason,Passenger,294,178,472,47538,48010,0.98
5/31/2022,Mason,Passenger,304,179,483,47360,47843,1.01
5/31/2022,Mason,Truck,1,0,1,21062,21063,0
6/30/2022,Mason,Truck,1,0,1,21071,21072,0
6/30/2022,Mason,Passenger,311,177,488,47383,47871,1.02
7/31/2022,Mason,Passenger,320,176,496,47164,47660,1.04
7/31/2022,Mason,Truck,4,0,4,20990,20994,0.02
8/31/2022,Mason,Truck,4,0,4,20989,20993,0.02
8/31/2022,Mason,Passenger,330,177,507,47065,47572,1.07
9/30/2022,Mason,Passenger,339,178,517,46989,47506,1.09
9/30/2022,Mason,Truck,4,0,4,21005,21009,0.02
10/31/2022,Mason,Truck,6,0,6,20923,20929,0.03
10/31/2022,Mason,Passenger,350,187,537,47006,47543,1.13
11/30/2022,Mason,Passenger,360,190,550,46964,47514,1.16
11/30/2022,Mason,Truck,7,0,7,20865,20872,0.03
12/31/2022,Mason,Truck,6,0,6,20808,20814,0.03
12/31/2022,Mason,Passenger,369,191,560,46850,47410,1.18
1/31/2023,Mason,Passenger,379,192,571,46698,47269,1.21
1/31/2023,Mason,Truck,8,0,8,20809,20817,0.04
2/28/2023,Mason,Passenger,393,198,591,46486,47077,1.26
2/28/2023,Mason,Truck,9,0,9,20759,20768,0.04
3/31/2023,Mason,Truck,11,0,11,20586,20597,0.05
3/31/2023,Mason,Passenger,401,199,600,46094,46694,1.28
4/30/2023,Mason,Passenger,414,203,617,45726,46343,1.33
4/30/2023,Mason,Truck,9,0,9,20431,20440,0.04
5/31/2023,Mason,Passenger,425,202,627,45150,45777,1.37
5/31/2023,Mason,Truck,9,0,9,20056,20065,0.04
1/31/2017,Okanogan,Truck,0,0,0,16375,16375,0
1/31/2017,Okanogan,Passenger,3,15,18,25812,25830,0.07
2/28/2017,Okanogan,Passenger,3,15,18,25673,25691,0.07
2/28/2017,Okanogan,Truck,0,0,0,16301,16301,0
3/31/2017,Okanogan,Passenger,3,16,19,25640,25659,0.07
3/31/2017,Okanogan,Truck,0,0,0,16305,16305,0
4/30/2017,Okanogan,Passenger,3,16,19,25594,25613,0.07
4/30/2017,Okanogan,Truck,0,0,0,16257,16257,0
5/31/2017,Okanogan,Passenger,3,16,19,25685,25704,0.07
5/31/2017,Okanogan,Truck,0,0,0,16216,16216,0
6/30/2017,Okanogan,Truck,0,0,0,16205,16205,0
6/30/2017,Okanogan,Passenger,4,17,21,25707,25728,0.08
7/31/2017,Okanogan,Passenger,4,18,22,25633,25655,0.09
7/31/2017,Okanogan,Truck,0,0,0,16227,16227,0
8/31/2017,Okanogan,Passenger,4,18,22,25673,25695,0.09
8/31/2017,Okanogan,Truck,0,0,0,16244,16244,0
9/30/2017,Okanogan,Truck,0,0,0,16237,16237,0
9/30/2017,Okanogan,Passenger,5,18,23,25688,25711,0.09
10/31/2017,Okanogan,Truck,0,0,0,16248,16248,0
10/31/2017,Okanogan,Passenger,5,17,22,25711,25733,0.09
11/30/2017,Okanogan,Truck,0,0,0,16275,16275,0
11/30/2017,Okanogan,Passenger,5,17,22,25729,25751,0.09
12/31/2017,Okanogan,Passenger,7,18,25,25738,25763,0.1
12/31/2017,Okanogan,Truck,0,0,0,16271,16271,0
1/31/2018,Okanogan,Passenger,7,19,26,25703,25729,0.1
1/31/2018,Okanogan,Truck,0,0,0,16335,16335,0
2/28/2018,Okanogan,Truck,0,0,0,16307,16307,0
2/28/2018,Okanogan,Passenger,7,19,26,25662,25688,0.1
3/31/2018,Okanogan,Passenger,7,19,26,25730,25756,0.1
3/31/2018,Okanogan,Truck,0,0,0,16335,16335,0
4/30/2018,Okanogan,Truck,0,0,0,16352,16352,0
4/30/2018,Okanogan,Passenger,8,19,27,25821,25848,0.1
5/31/2018,Okanogan,Truck,0,0,0,16411,16411,0
5/31/2018,Okanogan,Passenger,8,19,27,25884,25911,0.1
6/30/2018,Okanogan,Passenger,9,19,28,25954,25982,0.11
6/30/2018,Okanogan,Truck,0,0,0,16433,16433,0
7/31/2018,Okanogan,Passenger,9,20,29,26025,26054,0.11
7/31/2018,Okanogan,Truck,0,0,0,16425,16425,0
8/31/2018,Okanogan,Truck,0,0,0,16470,16470,0
8/31/2018,Okanogan,Passenger,10,20,30,26061,26091,0.11
9/30/2018,Okanogan,Passenger,10,20,30,26054,26084,0.12
9/30/2018,Okanogan,Truck,0,0,0,16498,16498,0
10/31/2018,Okanogan,Passenger,15,21,36,26105,26141,0.14
10/31/2018,Okanogan,Truck,0,0,0,16502,16502,0
11/30/2018,Okanogan,Passenger,15,22,37,26129,26166,0.14
11/30/2018,Okanogan,Truck,0,0,0,16493,16493,0
12/31/2018,Okanogan,Passenger,16,22,38,26067,26105,0.15
12/31/2018,Okanogan,Truck,0,0,0,16488,16488,0
1/31/2019,Okanogan,Truck,0,0,0,16478,16478,0
1/31/2019,Okanogan,Passenger,18,21,39,26051,26090,0.15
2/28/2019,Okanogan,Passenger,19,21,40,25962,26002,0.15
2/28/2019,Okanogan,Truck,0,0,0,16468,16468,0
3/31/2019,Okanogan,Passenger,20,21,41,25905,25946,0.16
3/31/2019,Okanogan,Truck,0,0,0,16440,16440,0
4/30/2019,Okanogan,Truck,0,0,0,16479,16479,0
4/30/2019,Okanogan,Passenger,20,22,42,26019,26061,0.16
5/31/2019,Okanogan,Passenger,21,23,44,26071,26115,0.17
5/31/2019,Okanogan,Truck,0,0,0,16506,16506,0
6/30/2019,Okanogan,Passenger,22,25,47,26075,26122,0.18
6/30/2019,Okanogan,Truck,0,0,0,16481,16481,0
7/31/2019,Okanogan,Truck,0,0,0,16490,16490,0
7/31/2019,Okanogan,Passenger,23,26,49,26121,26170,0.19
8/31/2019,Okanogan,Passenger,25,26,51,26188,26239,0.19
8/31/2019,Okanogan,Truck,0,0,0,16479,16479,0
9/30/2019,Okanogan,Passenger,24,26,50,26235,26285,0.19
9/30/2019,Okanogan,Truck,0,0,0,16495,16495,0
10/31/2019,Okanogan,Truck,0,0,0,16521,16521,0
10/31/2019,Okanogan,Passenger,24,28,52,26249,26301,0.2
11/30/2019,Okanogan,Passenger,27,30,57,26232,26289,0.22
11/30/2019,Okanogan,Truck,0,0,0,16555,16555,0
12/31/2019,Okanogan,Truck,0,0,0,16548,16548,0
12/31/2019,Okanogan,Passenger,30,30,60,26234,26294,0.23
1/31/2020,Okanogan,Passenger,32,30,62,26218,26280,0.24
1/31/2020,Okanogan,Truck,0,0,0,16555,16555,0
2/29/2020,Okanogan,Passenger,34,31,65,26119,26184,0.25
2/29/2020,Okanogan,Truck,0,0,0,16497,16497,0
3/31/2020,Okanogan,Truck,0,0,0,16457,16457,0
3/31/2020,Okanogan,Passenger,34,31,65,26066,26131,0.25
4/30/2020,Okanogan,Passenger,34,31,65,25889,25954,0.25
4/30/2020,Okanogan,Truck,0,0,0,16383,16383,0
5/31/2020,Okanogan,Truck,0,0,0,16390,16390,0
5/31/2020,Okanogan,Passenger,34,33,67,25877,25944,0.26
6/30/2020,Okanogan,Truck,0,0,0,16444,16444,0
6/30/2020,Okanogan,Passenger,36,33,69,25846,25915,0.27
7/31/2020,Okanogan,Passenger,37,34,71,25921,25992,0.27
7/31/2020,Okanogan,Truck,0,0,0,16491,16491,0
8/31/2020,Okanogan,Passenger,40,34,74,25976,26050,0.28
8/31/2020,Okanogan,Truck,0,0,0,16544,16544,0
9/30/2020,Okanogan,Passenger,45,36,81,25964,26045,0.31
9/30/2020,Okanogan,Truck,0,0,0,16547,16547,0
10/31/2020,Okanogan,Passenger,47,36,83,25992,26075,0.32
10/31/2020,Okanogan,Truck,0,0,0,16573,16573,0
11/30/2020,Okanogan,Passenger,51,37,88,25985,26073,0.34
11/30/2020,Okanogan,Truck,0,0,0,16579,16579,0
12/31/2020,Okanogan,Truck,0,0,0,16606,16606,0
12/31/2020,Okanogan,Passenger,55,36,91,26070,26161,0.35
1/31/2021,Okanogan,Passenger,56,36,92,26139,26231,0.35
1/31/2021,Okanogan,Truck,0,0,0,16593,16593,0
2/28/2021,Okanogan,Truck,0,0,0,16630,16630,0
2/28/2021,Okanogan,Passenger,56,35,91,26132,26223,0.35
3/31/2021,Okanogan,Passenger,57,35,92,26226,26318,0.35
3/31/2021,Okanogan,Truck,0,0,0,16672,16672,0
4/30/2021,Okanogan,Passenger,60,36,96,26415,26511,0.36
4/30/2021,Okanogan,Truck,0,0,0,16752,16752,0
5/31/2021,Okanogan,Passenger,61,37,98,26416,26514,0.37
5/31/2021,Okanogan,Truck,0,0,0,16757,16757,0
6/30/2021,Okanogan,Passenger,63,38,101,26514,26615,0.38
6/30/2021,Okanogan,Truck,0,0,0,16759,16759,0
7/31/2021,Okanogan,Passenger,65,43,108,26543,26651,0.41
7/31/2021,Okanogan,Truck,0,0,0,16753,16753,0
8/31/2021,Okanogan,Truck,0,0,0,16756,16756,0
8/31/2021,Okanogan,Passenger,66,45,111,26477,26588,0.42
9/30/2021,Okanogan,Passenger,67,44,111,26545,26656,0.42
9/30/2021,Okanogan,Truck,0,0,0,16705,16705,0
10/31/2021,Okanogan,Truck,0,0,0,16682,16682,0
10/31/2021,Okanogan,Passenger,66,44,110,26575,26685,0.41
11/30/2021,Okanogan,Truck,0,0,0,16693,16693,0
11/30/2021,Okanogan,Passenger,67,43,110,26604,26714,0.41
12/31/2021,Okanogan,Passenger,69,45,114,26603,26717,0.43
12/31/2021,Okanogan,Truck,0,0,0,16692,16692,0
1/31/2022,Okanogan,Truck,0,0,0,16697,16697,0
1/31/2022,Okanogan,Passenger,70,47,117,26537,26654,0.44
2/28/2022,Okanogan,Passenger,74,47,121,26478,26599,0.45
2/28/2022,Okanogan,Truck,0,0,0,16718,16718,0
3/31/2022,Okanogan,Truck,0,0,0,16696,16696,0
3/31/2022,Okanogan,Passenger,77,46,123,26526,26649,0.46
4/30/2022,Okanogan,Truck,0,0,0,16691,16691,0
4/30/2022,Okanogan,Passenger,79,48,127,26469,26596,0.48
5/31/2022,Okanogan,Truck,0,0,0,16669,16669,0
5/31/2022,Okanogan,Passenger,82,51,133,26415,26548,0.5
6/30/2022,Okanogan,Passenger,83,50,133,26397,26530,0.5
6/30/2022,Okanogan,Truck,1,0,1,16653,16654,0.01
7/31/2022,Okanogan,Truck,1,0,1,16594,16595,0.01
7/31/2022,Okanogan,Passenger,88,49,137,26308,26445,0.52
8/31/2022,Okanogan,Passenger,88,48,136,26326,26462,0.51
8/31/2022,Okanogan,Truck,1,0,1,16548,16549,0.01
9/30/2022,Okanogan,Truck,1,0,1,16531,16532,0.01
9/30/2022,Okanogan,Passenger,93,49,142,26322,26464,0.54
10/31/2022,Okanogan,Passenger,96,49,145,26276,26421,0.55
10/31/2022,Okanogan,Truck,1,0,1,16473,16474,0.01
11/30/2022,Okanogan,Passenger,98,51,149,26228,26377,0.56
11/30/2022,Okanogan,Truck,2,0,2,16460,16462,0.01
12/31/2022,Okanogan,Passenger,97,52,149,26127,26276,0.57
12/31/2022,Okanogan,Truck,2,0,2,16415,16417,0.01
1/31/2023,Okanogan,Passenger,105,53,158,26065,26223,0.6
1/31/2023,Okanogan,Truck,2,0,2,16397,16399,0.01
2/28/2023,Okanogan,Truck,2,0,2,16386,16388,0.01
2/28/2023,Okanogan,Passenger,107,56,163,25999,26162,0.62
3/31/2023,Okanogan,Passenger,114,58,172,25849,26021,0.66
3/31/2023,Okanogan,Truck,3,0,3,16357,16360,0.02
4/30/2023,Okanogan,Truck,3,0,3,16229,16232,0.02
4/30/2023,Okanogan,Passenger,119,57,176,25680,25856,0.68
5/31/2023,Okanogan,Truck,7,0,7,16025,16032,0.04
5/31/2023,Okanogan,Passenger,123,61,184,25418,25602,0.72
1/31/2017,Pacific,Passenger,5,6,11,15033,15044,0.07
1/31/2017,Pacific,Truck,0,0,0,7510,7510,0
2/28/2017,Pacific,Passenger,5,6,11,14996,15007,0.07
2/28/2017,Pacific,Truck,0,0,0,7486,7486,0
3/31/2017,Pacific,Passenger,6,8,14,15077,15091,0.09
3/31/2017,Pacific,Truck,0,0,0,7480,7480,0
4/30/2017,Pacific,Passenger,9,8,17,15081,15098,0.11
4/30/2017,Pacific,Truck,0,0,0,7464,7464,0
5/31/2017,Pacific,Truck,0,0,0,7462,7462,0
5/31/2017,Pacific,Passenger,9,7,16,15136,15152,0.11
6/30/2017,Pacific,Passenger,10,7,17,15143,15160,0.11
6/30/2017,Pacific,Truck,0,0,0,7470,7470,0
7/31/2017,Pacific,Truck,0,0,0,7494,7494,0
7/31/2017,Pacific,Passenger,10,9,19,15195,15214,0.12
8/31/2017,Pacific,Truck,0,0,0,7515,7515,0
8/31/2017,Pacific,Passenger,10,9,19,15247,15266,0.12
9/30/2017,Pacific,Passenger,12,9,21,15263,15284,0.14
9/30/2017,Pacific,Truck,0,0,0,7514,7514,0
10/31/2017,Pacific,Passenger,14,10,24,15323,15347,0.16
10/31/2017,Pacific,Truck,0,0,0,7520,7520,0
11/30/2017,Pacific,Passenger,15,11,26,15335,15361,0.17
11/30/2017,Pacific,Truck,0,0,0,7534,7534,0
12/31/2017,Pacific,Passenger,15,13,28,15405,15433,0.18
12/31/2017,Pacific,Truck,0,0,0,7544,7544,0
1/31/2018,Pacific,Passenger,15,13,28,15454,15482,0.18
1/31/2018,Pacific,Truck,0,0,0,7533,7533,0
2/28/2018,Pacific,Passenger,15,17,32,15464,15496,0.21
2/28/2018,Pacific,Truck,0,0,0,7560,7560,0
3/31/2018,Pacific,Truck,0,0,0,7576,7576,0
3/31/2018,Pacific,Passenger,15,18,33,15464,15497,0.21
4/30/2018,Pacific,Truck,0,0,0,7595,7595,0
4/30/2018,Pacific,Passenger,14,19,33,15489,15522,0.21
5/31/2018,Pacific,Passenger,16,19,35,15554,15589,0.22
5/31/2018,Pacific,Truck,0,0,0,7587,7587,0
6/30/2018,Pacific,Passenger,17,20,37,15574,15611,0.24
6/30/2018,Pacific,Truck,0,0,0,7599,7599,0
7/31/2018,Pacific,Truck,0,0,0,7610,7610,0
7/31/2018,Pacific,Passenger,19,21,40,15623,15663,0.26
8/31/2018,Pacific,Truck,0,0,0,7623,7623,0
8/31/2018,Pacific,Passenger,19,22,41,15682,15723,0.26
9/30/2018,Pacific,Passenger,18,22,40,15738,15778,0.25
9/30/2018,Pacific,Truck,0,0,0,7631,7631,0
10/31/2018,Pacific,Truck,0,0,0,7629,7629,0
10/31/2018,Pacific,Passenger,19,23,42,15770,15812,0.27
11/30/2018,Pacific,Passenger,20,23,43,15815,15858,0.27
11/30/2018,Pacific,Truck,0,0,0,7609,7609,0
12/31/2018,Pacific,Truck,0,0,0,7612,7612,0
12/31/2018,Pacific,Passenger,21,25,46,15839,15885,0.29
1/31/2019,Pacific,Truck,0,0,0,7614,7614,0
1/31/2019,Pacific,Passenger,22,26,48,15887,15935,0.3
2/28/2019,Pacific,Passenger,22,26,48,15869,15917,0.3
2/28/2019,Pacific,Truck,0,0,0,7634,7634,0
3/31/2019,Pacific,Passenger,23,26,49,15855,15904,0.31
3/31/2019,Pacific,Truck,0,0,0,7655,7655,0
4/30/2019,Pacific,Passenger,23,28,51,15927,15978,0.32
4/30/2019,Pacific,Truck,0,0,0,7660,7660,0
5/31/2019,Pacific,Passenger,24,28,52,15957,16009,0.32
5/31/2019,Pacific,Truck,0,0,0,7661,7661,0
6/30/2019,Pacific,Truck,0,0,0,7654,7654,0
6/30/2019,Pacific,Passenger,25,29,54,15980,16034,0.34
7/31/2019,Pacific,Truck,0,0,0,7669,7669,0
7/31/2019,Pacific,Passenger,24,30,54,16034,16088,0.34
8/31/2019,Pacific,Truck,0,0,0,7681,7681,0
8/31/2019,Pacific,Passenger,23,29,52,16051,16103,0.32
9/30/2019,Pacific,Truck,0,0,0,7676,7676,0
9/30/2019,Pacific,Passenger,25,29,54,16083,16137,0.33
10/31/2019,Pacific,Passenger,30,29,59,16114,16173,0.36
10/31/2019,Pacific,Truck,0,0,0,7726,7726,0
11/30/2019,Pacific,Passenger,29,30,59,16119,16178,0.36
11/30/2019,Pacific,Truck,0,0,0,7740,7740,0
12/31/2019,Pacific,Passenger,30,30,60,16122,16182,0.37
12/31/2019,Pacific,Truck,0,0,0,7721,7721,0
1/31/2020,Pacific,Passenger,30,31,61,16099,16160,0.38
1/31/2020,Pacific,Truck,0,0,0,7748,7748,0
2/29/2020,Pacific,Truck,0,0,0,7744,7744,0
2/29/2020,Pacific,Passenger,30,32,62,16074,16136,0.38
3/31/2020,Pacific,Truck,0,0,0,7710,7710,0
3/31/2020,Pacific,Passenger,29,34,63,16028,16091,0.39
4/30/2020,Pacific,Passenger,30,34,64,15840,15904,0.4
4/30/2020,Pacific,Truck,0,0,0,7664,7664,0
5/31/2020,Pacific,Truck,0,0,0,7625,7625,0
5/31/2020,Pacific,Passenger,31,33,64,15706,15770,0.41
6/30/2020,Pacific,Passenger,33,33,66,15757,15823,0.42
6/30/2020,Pacific,Truck,0,0,0,7699,7699,0
7/31/2020,Pacific,Passenger,33,33,66,15768,15834,0.42
7/31/2020,Pacific,Truck,0,0,0,7714,7714,0
8/31/2020,Pacific,Truck,0,0,0,7724,7724,0
8/31/2020,Pacific,Passenger,32,33,65,15711,15776,0.41
9/30/2020,Pacific,Truck,0,0,0,7742,7742,0
9/30/2020,Pacific,Passenger,32,34,66,15718,15784,0.42
10/31/2020,Pacific,Passenger,34,34,68,15727,15795,0.43
10/31/2020,Pacific,Truck,0,0,0,7752,7752,0
11/30/2020,Pacific,Truck,0,0,0,7762,7762,0
11/30/2020,Pacific,Passenger,36,34,70,15738,15808,0.44
12/31/2020,Pacific,Passenger,34,35,69,15728,15797,0.44
12/31/2020,Pacific,Truck,0,0,0,7792,7792,0
1/31/2021,Pacific,Passenger,35,37,72,15799,15871,0.45
1/31/2021,Pacific,Truck,0,0,0,7802,7802,0
2/28/2021,Pacific,Passenger,37,38,75,15823,15898,0.47
2/28/2021,Pacific,Truck,0,0,0,7828,7828,0
3/31/2021,Pacific,Passenger,39,40,79,15921,16000,0.49
3/31/2021,Pacific,Truck,0,0,0,7879,7879,0
4/30/2021,Pacific,Truck,0,0,0,7919,7919,0
4/30/2021,Pacific,Passenger,41,41,82,16073,16155,0.51
5/31/2021,Pacific,Truck,0,0,0,7939,7939,0
5/31/2021,Pacific,Passenger,43,47,90,16072,16162,0.56
6/30/2021,Pacific,Passenger,45,53,98,16059,16157,0.61
6/30/2021,Pacific,Truck,0,0,0,7965,7965,0
7/31/2021,Pacific,Truck,0,0,0,7960,7960,0
7/31/2021,Pacific,Passenger,46,53,99,16033,16132,0.61
8/31/2021,Pacific,Passenger,48,54,102,16073,16175,0.63
8/31/2021,Pacific,Truck,0,0,0,7972,7972,0
9/30/2021,Pacific,Truck,0,0,0,7996,7996,0
9/30/2021,Pacific,Passenger,49,57,106,16077,16183,0.66
10/31/2021,Pacific,Passenger,49,59,108,16118,16226,0.67
10/31/2021,Pacific,Truck,0,0,0,7989,7989,0
11/30/2021,Pacific,Passenger,51,64,115,16075,16190,0.71
11/30/2021,Pacific,Truck,0,0,0,8003,8003,0
12/31/2021,Pacific,Truck,0,0,0,8019,8019,0
12/31/2021,Pacific,Passenger,51,64,115,16071,16186,0.71
1/31/2022,Pacific,Passenger,55,63,118,16060,16178,0.73
1/31/2022,Pacific,Truck,0,0,0,8024,8024,0
2/28/2022,Pacific,Truck,0,0,0,8006,8006,0
2/28/2022,Pacific,Passenger,58,65,123,16029,16152,0.76
3/31/2022,Pacific,Passenger,61,68,129,16003,16132,0.8
3/31/2022,Pacific,Truck,0,0,0,8008,8008,0
4/30/2022,Pacific,Passenger,60,68,128,15944,16072,0.8
4/30/2022,Pacific,Truck,0,0,0,7978,7978,0
5/31/2022,Pacific,Truck,0,0,0,7951,7951,0
5/31/2022,Pacific,Passenger,60,68,128,15922,16050,0.8
6/30/2022,Pacific,Passenger,61,71,132,15904,16036,0.82
6/30/2022,Pacific,Truck,0,0,0,7917,7917,0
7/31/2022,Pacific,Passenger,64,71,135,15853,15988,0.84
7/31/2022,Pacific,Truck,0,0,0,7887,7887,0
8/31/2022,Pacific,Truck,0,0,0,7868,7868,0
8/31/2022,Pacific,Passenger,70,72,142,15807,15949,0.89
9/30/2022,Pacific,Truck,0,0,0,7881,7881,0
9/30/2022,Pacific,Passenger,70,74,144,15795,15939,0.9
10/31/2022,Pacific,Truck,1,0,1,7882,7883,0.01
10/31/2022,Pacific,Passenger,68,74,142,15765,15907,0.89
11/30/2022,Pacific,Passenger,70,79,149,15761,15910,0.94
11/30/2022,Pacific,Truck,1,0,1,7855,7856,0.01
12/31/2022,Pacific,Passenger,74,80,154,15730,15884,0.97
12/31/2022,Pacific,Truck,2,0,2,7831,7833,0.03
1/31/2023,Pacific,Passenger,72,81,153,15702,15855,0.96
1/31/2023,Pacific,Truck,2,0,2,7813,7815,0.03
2/28/2023,Pacific,Truck,2,0,2,7799,7801,0.03
2/28/2023,Pacific,Passenger,72,80,152,15631,15783,0.96
3/31/2023,Pacific,Passenger,75,83,158,15542,15700,1.01
3/31/2023,Pacific,Truck,3,0,3,7762,7765,0.04
4/30/2023,Pacific,Truck,3,0,3,7728,7731,0.04
4/30/2023,Pacific,Passenger,75,88,163,15441,15604,1.04
5/31/2023,Pacific,Passenger,74,89,163,15301,15464,1.05
5/31/2023,Pacific,Truck,3,0,3,7673,7676,0.04
1/31/2017,Pend Oreille,Passenger,1,4,5,9345,9350,0.05
1/31/2017,Pend Oreille,Truck,0,0,0,5595,5595,0
2/28/2017,Pend Oreille,Truck,0,0,0,5573,5573,0
2/28/2017,Pend Oreille,Passenger,1,4,5,9300,9305,0.05
3/31/2017,Pend Oreille,Passenger,1,4,5,9307,9312,0.05
3/31/2017,Pend Oreille,Truck,0,0,0,5583,5583,0
4/30/2017,Pend Oreille,Truck,0,0,0,5586,5586,0
4/30/2017,Pend Oreille,Passenger,1,4,5,9320,9325,0.05
5/31/2017,Pend Oreille,Truck,0,0,0,5564,5564,0
5/31/2017,Pend Oreille,Passenger,2,4,6,9313,9319,0.06
6/30/2017,Pend Oreille,Passenger,3,4,7,9316,9323,0.08
6/30/2017,Pend Oreille,Truck,0,0,0,5574,5574,0
7/31/2017,Pend Oreille,Passenger,3,4,7,9322,9329,0.08
7/31/2017,Pend Oreille,Truck,0,0,0,5582,5582,0
8/31/2017,Pend Oreille,Passenger,3,4,7,9359,9366,0.07
8/31/2017,Pend Oreille,Truck,0,0,0,5552,5552,0
9/30/2017,Pend Oreille,Passenger,3,4,7,9372,9379,0.07
9/30/2017,Pend Oreille,Truck,0,0,0,5552,5552,0
10/31/2017,Pend Oreille,Passenger,3,4,7,9370,9377,0.07
10/31/2017,Pend Oreille,Truck,0,0,0,5562,5562,0
11/30/2017,Pend Oreille,Truck,0,0,0,5595,5595,0
11/30/2017,Pend Oreille,Passenger,3,4,7,9428,9435,0.07
12/31/2017,Pend Oreille,Truck,0,0,0,5618,5618,0
12/31/2017,Pend Oreille,Passenger,3,4,7,9440,9447,0.07
1/31/2018,Pend Oreille,Truck,0,0,0,5618,5618,0
1/31/2018,Pend Oreille,Passenger,4,4,8,9441,9449,0.08
2/28/2018,Pend Oreille,Passenger,4,3,7,9418,9425,0.07
2/28/2018,Pend Oreille,Truck,0,0,0,5631,5631,0
3/31/2018,Pend Oreille,Passenger,4,3,7,9455,9462,0.07
3/31/2018,Pend Oreille,Truck,0,0,0,5658,5658,0
4/30/2018,Pend Oreille,Truck,0,0,0,5654,5654,0
4/30/2018,Pend Oreille,Passenger,4,5,9,9475,9484,0.09
5/31/2018,Pend Oreille,Passenger,4,5,9,9509,9518,0.09
5/31/2018,Pend Oreille,Truck,0,0,0,5671,5671,0
6/30/2018,Pend Oreille,Truck,0,0,0,5682,5682,0
6/30/2018,Pend Oreille,Passenger,5,5,10,9547,9557,0.1
7/31/2018,Pend Oreille,Truck,0,0,0,5699,5699,0
7/31/2018,Pend Oreille,Passenger,5,5,10,9577,9587,0.1
8/31/2018,Pend Oreille,Truck,0,0,0,5718,5718,0
8/31/2018,Pend Oreille,Passenger,5,5,10,9582,9592,0.1
9/30/2018,Pend Oreille,Passenger,5,5,10,9588,9598,0.1
9/30/2018,Pend Oreille,Truck,0,0,0,5744,5744,0
10/31/2018,Pend Oreille,Truck,0,0,0,5752,5752,0
10/31/2018,Pend Oreille,Passenger,6,5,11,9587,9598,0.11
11/30/2018,Pend Oreille,Passenger,5,5,10,9556,9566,0.1
11/30/2018,Pend Oreille,Truck,0,0,0,5742,5742,0
12/31/2018,Pend Oreille,Truck,0,0,0,5738,5738,0
12/31/2018,Pend Oreille,Passenger,5,5,10,9532,9542,0.1
1/31/2019,Pend Oreille,Passenger,5,5,10,9537,9547,0.1
1/31/2019,Pend Oreille,Truck,0,0,0,5743,5743,0
2/28/2019,Pend Oreille,Truck,0,0,0,5738,5738,0
2/28/2019,Pend Oreille,Passenger,5,5,10,9482,9492,0.11
3/31/2019,Pend Oreille,Truck,0,0,0,5721,5721,0
3/31/2019,Pend Oreille,Passenger,5,5,10,9473,9483,0.11
4/30/2019,Pend Oreille,Passenger,4,5,9,9504,9513,0.09
4/30/2019,Pend Oreille,Truck,0,0,0,5753,5753,0
5/31/2019,Pend Oreille,Passenger,4,5,9,9536,9545,0.09
5/31/2019,Pend Oreille,Truck,0,0,0,5743,5743,0
6/30/2019,Pend Oreille,Truck,0,0,0,5732,5732,0
6/30/2019,Pend Oreille,Passenger,4,5,9,9530,9539,0.09
7/31/2019,Pend Oreille,Truck,0,0,0,5730,5730,0
7/31/2019,Pend Oreille,Passenger,4,6,10,9537,9547,0.1
8/31/2019,Pend Oreille,Passenger,5,6,11,9495,9506,0.12
8/31/2019,Pend Oreille,Truck,0,0,0,5721,5721,0
9/30/2019,Pend Oreille,Truck,0,0,0,5712,5712,0
9/30/2019,Pend Oreille,Passenger,6,6,12,9472,9484,0.13
10/31/2019,Pend Oreille,Passenger,7,6,13,9492,9505,0.14
10/31/2019,Pend Oreille,Truck,0,0,0,5740,5740,0
11/30/2019,Pend Oreille,Truck,0,0,0,5734,5734,0
11/30/2019,Pend Oreille,Passenger,7,7,14,9515,9529,0.15
12/31/2019,Pend Oreille,Truck,0,0,0,5772,5772,0
12/31/2019,Pend Oreille,Passenger,7,7,14,9513,9527,0.15
1/31/2020,Pend Oreille,Passenger,8,7,15,9470,9485,0.16
1/31/2020,Pend Oreille,Truck,0,0,0,5779,5779,0
2/29/2020,Pend Oreille,Truck,0,0,0,5764,5764,0
2/29/2020,Pend Oreille,Passenger,8,7,15,9455,9470,0.16
3/31/2020,Pend Oreille,Truck,0,0,0,5758,5758,0
3/31/2020,Pend Oreille,Passenger,8,7,15,9370,9385,0.16
4/30/2020,Pend Oreille,Passenger,8,6,14,9258,9272,0.15
4/30/2020,Pend Oreille,Truck,0,0,0,5741,5741,0
5/31/2020,Pend Oreille,Truck,0,0,0,5743,5743,0
5/31/2020,Pend Oreille,Passenger,7,6,13,9218,9231,0.14
6/30/2020,Pend Oreille,Passenger,7,6,13,9244,9257,0.14
6/30/2020,Pend Oreille,Truck,0,0,0,5762,5762,0
7/31/2020,Pend Oreille,Passenger,7,5,12,9246,9258,0.13
7/31/2020,Pend Oreille,Truck,0,0,0,5764,5764,0
8/31/2020,Pend Oreille,Truck,0,0,0,5749,5749,0
8/31/2020,Pend Oreille,Passenger,8,5,13,9230,9243,0.14
9/30/2020,Pend Oreille,Passenger,8,4,12,9189,9201,0.13
9/30/2020,Pend Oreille,Truck,0,0,0,5730,5730,0
10/31/2020,Pend Oreille,Truck,0,0,0,5717,5717,0
10/31/2020,Pend Oreille,Passenger,8,4,12,9158,9170,0.13
11/30/2020,Pend Oreille,Truck,0,0,0,5718,5718,0
11/30/2020,Pend Oreille,Passenger,9,4,13,9146,9159,0.14
12/31/2020,Pend Oreille,Passenger,12,4,16,9171,9187,0.17
12/31/2020,Pend Oreille,Truck,0,0,0,5715,5715,0
1/31/2021,Pend Oreille,Passenger,12,3,15,9181,9196,0.16
1/31/2021,Pend Oreille,Truck,0,0,0,5717,5717,0
2/28/2021,Pend Oreille,Truck,0,0,0,5722,5722,0
2/28/2021,Pend Oreille,Passenger,12,4,16,9194,9210,0.17
3/31/2021,Pend Oreille,Passenger,12,6,18,9282,9300,0.19
3/31/2021,Pend Oreille,Truck,0,0,0,5724,5724,0
4/30/2021,Pend Oreille,Truck,0,0,0,5737,5737,0
4/30/2021,Pend Oreille,Passenger,14,5,19,9303,9322,0.2
5/31/2021,Pend Oreille,Truck,0,0,0,5748,5748,0
5/31/2021,Pend Oreille,Passenger,14,6,20,9276,9296,0.22
6/30/2021,Pend Oreille,Passenger,14,7,21,9269,9290,0.23
6/30/2021,Pend Oreille,Truck,0,0,0,5749,5749,0
7/31/2021,Pend Oreille,Truck,0,0,0,5748,5748,0
7/31/2021,Pend Oreille,Passenger,15,7,22,9267,9289,0.24
8/31/2021,Pend Oreille,Passenger,16,7,23,9246,9269,0.25
8/31/2021,Pend Oreille,Truck,0,0,0,5727,5727,0
9/30/2021,Pend Oreille,Truck,0,0,0,5691,5691,0
9/30/2021,Pend Oreille,Passenger,17,7,24,9243,9267,0.26
10/31/2021,Pend Oreille,Passenger,18,7,25,9210,9235,0.27
10/31/2021,Pend Oreille,Truck,0,0,0,5688,5688,0
11/30/2021,Pend Oreille,Passenger,18,7,25,9171,9196,0.27
11/30/2021,Pend Oreille,Truck,0,0,0,5697,5697,0
12/31/2021,Pend Oreille,Truck,0,0,0,5704,5704,0
12/31/2021,Pend Oreille,Passenger,18,9,27,9133,9160,0.29
1/31/2022,Pend Oreille,Passenger,17,9,26,9121,9147,0.28
1/31/2022,Pend Oreille,Truck,0,0,0,5732,5732,0
2/28/2022,Pend Oreille,Truck,0,0,0,5720,5720,0
2/28/2022,Pend Oreille,Passenger,17,9,26,9079,9105,0.29
3/31/2022,Pend Oreille,Passenger,16,10,26,9054,9080,0.29
3/31/2022,Pend Oreille,Truck,0,0,0,5691,5691,0
4/30/2022,Pend Oreille,Passenger,16,10,26,9034,9060,0.29
4/30/2022,Pend Oreille,Truck,0,0,0,5659,5659,0
5/31/2022,Pend Oreille,Truck,0,0,0,5631,5631,0
5/31/2022,Pend Oreille,Passenger,16,11,27,9015,9042,0.3
6/30/2022,Pend Oreille,Passenger,17,11,28,9058,9086,0.31
6/30/2022,Pend Oreille,Truck,0,0,0,5671,5671,0
7/31/2022,Pend Oreille,Passenger,18,12,30,9043,9073,0.33
7/31/2022,Pend Oreille,Truck,0,0,0,5649,5649,0
8/31/2022,Pend Oreille,Truck,0,0,0,5637,5637,0
8/31/2022,Pend Oreille,Passenger,18,12,30,9033,9063,0.33
9/30/2022,Pend Oreille,Passenger,18,12,30,9027,9057,0.33
9/30/2022,Pend Oreille,Truck,0,0,0,5639,5639,0
10/31/2022,Pend Oreille,Truck,0,0,0,5612,5612,0
10/31/2022,Pend Oreille,Passenger,18,12,30,9014,9044,0.33
11/30/2022,Pend Oreille,Passenger,19,13,32,8987,9019,0.35
11/30/2022,Pend Oreille,Truck,0,0,0,5600,5600,0
12/31/2022,Pend Oreille,Passenger,21,13,34,8958,8992,0.38
12/31/2022,Pend Oreille,Truck,0,0,0,5577,5577,0
1/31/2023,Pend Oreille,Passenger,23,14,37,8936,8973,0.41
1/31/2023,Pend Oreille,Truck,0,0,0,5565,5565,0
2/28/2023,Pend Oreille,Truck,0,0,0,5559,5559,0
2/28/2023,Pend Oreille,Passenger,26,13,39,8906,8945,0.44
3/31/2023,Pend Oreille,Passenger,28,13,41,8872,8913,0.46
3/31/2023,Pend Oreille,Truck,0,0,0,5543,5543,0
4/30/2023,Pend Oreille,Truck,0,0,0,5559,5559,0
4/30/2023,Pend Oreille,Passenger,31,13,44,8800,8844,0.5
5/31/2023,Pend Oreille,Passenger,30,10,40,8681,8721,0.46
5/31/2023,Pend Oreille,Truck,0,0,0,5482,5482,0
1/31/2017,Pierce,Truck,0,0,0,138771,138771,0
1/31/2017,Pierce,Passenger,822,751,1573,528345,529918,0.3
2/28/2017,Pierce,Passenger,862,778,1640,526801,528441,0.31
2/28/2017,Pierce,Truck,0,0,0,138557,138557,0
3/31/2017,Pierce,Truck,0,0,0,138179,138179,0
3/31/2017,Pierce,Passenger,876,784,1660,526397,528057,0.31
4/30/2017,Pierce,Passenger,917,807,1724,525783,527507,0.33
4/30/2017,Pierce,Truck,0,0,0,137821,137821,0
5/31/2017,Pierce,Truck,0,0,0,137684,137684,0
5/31/2017,Pierce,Passenger,933,823,1756,525245,527001,0.33
6/30/2017,Pierce,Truck,0,0,0,137537,137537,0
6/30/2017,Pierce,Passenger,956,842,1798,524986,526784,0.34
7/31/2017,Pierce,Passenger,986,856,1842,524622,526464,0.35
7/31/2017,Pierce,Truck,0,0,0,137373,137373,0
8/31/2017,Pierce,Passenger,999,866,1865,524957,526822,0.35
8/31/2017,Pierce,Truck,0,0,0,137235,137235,0
9/30/2017,Pierce,Passenger,1012,898,1910,525193,527103,0.36
9/30/2017,Pierce,Truck,0,0,0,137073,137073,0
10/31/2017,Pierce,Passenger,1040,916,1956,525509,527465,0.37
10/31/2017,Pierce,Truck,0,0,0,137009,137009,0
11/30/2017,Pierce,Passenger,1050,942,1992,526037,528029,0.38
11/30/2017,Pierce,Truck,0,0,0,137015,137015,0
12/31/2017,Pierce,Truck,0,0,0,137014,137014,0
12/31/2017,Pierce,Passenger,1071,963,2034,526465,528499,0.38
1/31/2018,Pierce,Truck,0,0,0,137134,137134,0
1/31/2018,Pierce,Passenger,1095,996,2091,527442,529533,0.39
2/28/2018,Pierce,Passenger,1116,1028,2144,526436,528580,0.41
2/28/2018,Pierce,Truck,0,0,0,137002,137002,0
3/31/2018,Pierce,Passenger,1126,1053,2179,527890,530069,0.41
3/31/2018,Pierce,Truck,0,0,0,137085,137085,0
4/30/2018,Pierce,Passenger,1154,1091,2245,529190,531435,0.42
4/30/2018,Pierce,Truck,0,0,0,137349,137349,0
5/31/2018,Pierce,Passenger,1185,1125,2310,530513,532823,0.43
5/31/2018,Pierce,Truck,0,0,0,137530,137530,0
6/30/2018,Pierce,Passenger,1228,1173,2401,532314,534715,0.45
6/30/2018,Pierce,Truck,0,0,0,137819,137819,0
7/31/2018,Pierce,Passenger,1262,1194,2456,533538,535994,0.46
7/31/2018,Pierce,Truck,0,0,0,138069,138069,0
8/31/2018,Pierce,Truck,0,0,0,138299,138299,0
8/31/2018,Pierce,Passenger,1303,1224,2527,534895,537422,0.47
9/30/2018,Pierce,Passenger,1325,1267,2592,535619,538211,0.48
9/30/2018,Pierce,Truck,0,0,0,138461,138461,0
10/31/2018,Pierce,Passenger,1405,1305,2710,537215,539925,0.5
10/31/2018,Pierce,Truck,0,0,0,138782,138782,0
11/30/2018,Pierce,Truck,0,0,0,139063,139063,0
11/30/2018,Pierce,Passenger,1470,1339,2809,538471,541280,0.52
12/31/2018,Pierce,Passenger,1509,1373,2882,538942,541824,0.53
12/31/2018,Pierce,Truck,0,0,0,139128,139128,0
1/31/2019,Pierce,Passenger,1581,1423,3004,539830,542834,0.55
1/31/2019,Pierce,Truck,0,0,0,139135,139135,0
2/28/2019,Pierce,Truck,0,0,0,138939,138939,0
2/28/2019,Pierce,Passenger,1611,1428,3039,538970,542009,0.56
3/31/2019,Pierce,Passenger,1635,1457,3092,539489,542581,0.57
3/31/2019,Pierce,Truck,0,0,0,139012,139012,0
4/30/2019,Pierce,Passenger,1692,1486,3178,540978,544156,0.58
4/30/2019,Pierce,Truck,0,0,0,139357,139357,0
5/31/2019,Pierce,Truck,0,0,0,139651,139651,0
5/31/2019,Pierce,Passenger,1752,1520,3272,542115,545387,0.6
6/30/2019,Pierce,Passenger,1809,1556,3365,543136,546501,0.62
6/30/2019,Pierce,Truck,0,0,0,139800,139800,0
7/31/2019,Pierce,Truck,0,0,0,140029,140029,0
7/31/2019,Pierce,Passenger,1878,1570,3448,544433,547881,0.63
8/31/2019,Pierce,Passenger,1931,1584,3515,544861,548376,0.64
8/31/2019,Pierce,Truck,0,0,0,140341,140341,0
9/30/2019,Pierce,Passenger,1968,1602,3570,545516,549086,0.65
9/30/2019,Pierce,Truck,0,0,0,140475,140475,0
10/31/2019,Pierce,Passenger,2060,1629,3689,547046,550735,0.67
10/31/2019,Pierce,Truck,0,0,0,140692,140692,0
11/30/2019,Pierce,Passenger,2085,1636,3721,547617,551338,0.67
11/30/2019,Pierce,Truck,0,0,0,140704,140704,0
12/31/2019,Pierce,Passenger,2129,1652,3781,547975,551756,0.69
12/31/2019,Pierce,Truck,0,0,0,140863,140863,0
1/31/2020,Pierce,Truck,0,0,0,141345,141345,0
1/31/2020,Pierce,Passenger,2231,1680,3911,550716,554627,0.71
2/29/2020,Pierce,Passenger,2255,1685,3940,551249,555189,0.71
2/29/2020,Pierce,Truck,0,0,0,141518,141518,0
3/31/2020,Pierce,Truck,0,0,0,141607,141607,0
3/31/2020,Pierce,Passenger,2312,1694,4006,551239,555245,0.72
4/30/2020,Pierce,Truck,0,0,0,141145,141145,0
4/30/2020,Pierce,Passenger,2350,1683,4033,548926,552959,0.73
5/31/2020,Pierce,Passenger,2353,1676,4029,547653,551682,0.73
5/31/2020,Pierce,Truck,0,0,0,141322,141322,0
6/30/2020,Pierce,Passenger,2382,1693,4075,549720,553795,0.74
6/30/2020,Pierce,Truck,0,0,0,142171,142171,0
7/31/2020,Pierce,Truck,0,0,0,142938,142938,0
7/31/2020,Pierce,Passenger,2469,1697,4166,551524,555690,0.75
8/31/2020,Pierce,Passenger,2521,1704,4225,552566,556791,0.76
8/31/2020,Pierce,Truck,0,0,0,143402,143402,0
9/30/2020,Pierce,Passenger,2576,1710,4286,553972,558258,0.77
9/30/2020,Pierce,Truck,0,0,0,143994,143994,0
10/31/2020,Pierce,Truck,0,0,0,144395,144395,0
10/31/2020,Pierce,Passenger,2662,1740,4402,554906,559308,0.79
11/30/2020,Pierce,Truck,0,0,0,144549,144549,0
11/30/2020,Pierce,Passenger,2761,1756,4517,555010,559527,0.81
12/31/2020,Pierce,Truck,0,0,0,144793,144793,0
12/31/2020,Pierce,Passenger,2827,1771,4598,555739,560337,0.82
1/31/2021,Pierce,Truck,0,0,0,144897,144897,0
1/31/2021,Pierce,Passenger,2965,1790,4755,555811,560566,0.85
2/28/2021,Pierce,Passenger,3031,1810,4841,555595,560436,0.86
2/28/2021,Pierce,Truck,0,0,0,145038,145038,0
3/31/2021,Pierce,Truck,0,0,0,145359,145359,0
3/31/2021,Pierce,Passenger,3128,1845,4973,556871,561844,0.89
4/30/2021,Pierce,Passenger,3273,1902,5175,559978,565153,0.92
4/30/2021,Pierce,Truck,0,0,0,145979,145979,0
5/31/2021,Pierce,Truck,0,0,0,145911,145911,0
5/31/2021,Pierce,Passenger,3383,1940,5323,560113,565436,0.94
6/30/2021,Pierce,Truck,0,0,0,146090,146090,0
6/30/2021,Pierce,Passenger,3471,1997,5468,560601,566069,0.97
7/31/2021,Pierce,Passenger,3638,2018,5656,559763,565419,1
7/31/2021,Pierce,Truck,0,0,0,145880,145880,0
8/31/2021,Pierce,Passenger,3774,2030,5804,559270,565074,1.03
8/31/2021,Pierce,Truck,0,0,0,145694,145694,0
9/30/2021,Pierce,Passenger,3877,2068,5945,559227,565172,1.05
9/30/2021,Pierce,Truck,0,0,0,145488,145488,0
10/31/2021,Pierce,Passenger,4001,2084,6085,558118,564203,1.08
10/31/2021,Pierce,Truck,0,0,0,145279,145279,0
11/30/2021,Pierce,Truck,0,0,0,145170,145170,0
11/30/2021,Pierce,Passenger,4129,2110,6239,557539,563778,1.11
12/31/2021,Pierce,Passenger,4236,2126,6362,555972,562334,1.13
12/31/2021,Pierce,Truck,0,0,0,144849,144849,0
1/31/2022,Pierce,Passenger,4367,2152,6519,554325,560844,1.16
1/31/2022,Pierce,Truck,0,0,0,144488,144488,0
2/28/2022,Pierce,Truck,2,0,2,144097,144099,0
2/28/2022,Pierce,Passenger,4484,2175,6659,552827,559486,1.19
3/31/2022,Pierce,Passenger,4629,2233,6862,550385,557247,1.23
3/31/2022,Pierce,Truck,2,0,2,143542,143544,0
4/30/2022,Pierce,Truck,3,0,3,143052,143055,0
4/30/2022,Pierce,Passenger,4836,2263,7099,549137,556236,1.28
5/31/2022,Pierce,Passenger,4952,2290,7242,546998,554240,1.31
5/31/2022,Pierce,Truck,5,0,5,142369,142374,0
6/30/2022,Pierce,Passenger,5062,2309,7371,546335,553706,1.33
6/30/2022,Pierce,Truck,6,0,6,141942,141948,0
7/31/2022,Pierce,Passenger,5245,2335,7580,544242,551822,1.37
7/31/2022,Pierce,Truck,20,0,20,141328,141348,0.01
8/31/2022,Pierce,Passenger,5429,2397,7826,543264,551090,1.42
8/31/2022,Pierce,Truck,34,0,34,140919,140953,0.02
9/30/2022,Pierce,Truck,46,0,46,140524,140570,0.03
9/30/2022,Pierce,Passenger,5531,2429,7960,542141,550101,1.45
10/31/2022,Pierce,Truck,62,0,62,140212,140274,0.04
10/31/2022,Pierce,Passenger,5748,2445,8193,541013,549206,1.49
11/30/2022,Pierce,Truck,71,0,71,139870,139941,0.05
11/30/2022,Pierce,Passenger,5997,2474,8471,539896,548367,1.54
12/31/2022,Pierce,Truck,82,0,82,139372,139454,0.06
12/31/2022,Pierce,Passenger,6157,2508,8665,538441,547106,1.58
1/31/2023,Pierce,Passenger,6393,2542,8935,536541,545476,1.64
1/31/2023,Pierce,Truck,97,0,97,138775,138872,0.07
2/28/2023,Pierce,Passenger,6588,2572,9160,533943,543103,1.69
2/28/2023,Pierce,Truck,111,0,111,137952,138063,0.08
3/31/2023,Pierce,Truck,126,0,126,136884,137010,0.09
3/31/2023,Pierce,Passenger,6814,2611,9425,530143,539568,1.75
4/30/2023,Pierce,Passenger,7101,2648,9749,526052,535801,1.82
4/30/2023,Pierce,Truck,139,0,139,135661,135800,0.1
5/31/2023,Pierce,Passenger,7335,2673,10008,518878,528886,1.89
5/31/2023,Pierce,Truck,151,0,151,133458,133609,0.11
1/31/2017,San Juan,Passenger,84,31,115,13348,13463,0.85
1/31/2017,San Juan,Truck,0,0,0,5596,5596,0
2/28/2017,San Juan,Truck,0,0,0,5575,5575,0
2/28/2017,San Juan,Passenger,88,31,119,13403,13522,0.88
3/31/2017,San Juan,Truck,0,0,0,5585,5585,0
3/31/2017,San Juan,Passenger,88,34,122,13420,13542,0.9
4/30/2017,San Juan,Truck,0,0,0,5553,5553,0
4/30/2017,San Juan,Passenger,98,35,133,13478,13611,0.98
5/31/2017,San Juan,Passenger,104,38,142,13497,13639,1.04
5/31/2017,San Juan,Truck,0,0,0,5543,5543,0
6/30/2017,San Juan,Passenger,107,40,147,13550,13697,1.07
6/30/2017,San Juan,Truck,0,0,0,5537,5537,0
7/31/2017,San Juan,Passenger,112,39,151,13562,13713,1.1
7/31/2017,San Juan,Truck,0,0,0,5549,5549,0
8/31/2017,San Juan,Truck,0,0,0,5551,5551,0
8/31/2017,San Juan,Passenger,113,39,152,13644,13796,1.1
9/30/2017,San Juan,Passenger,117,42,159,13675,13834,1.15
9/30/2017,San Juan,Truck,0,0,0,5561,5561,0
10/31/2017,San Juan,Passenger,127,40,167,13758,13925,1.2
10/31/2017,San Juan,Truck,0,0,0,5571,5571,0
11/30/2017,San Juan,Passenger,126,41,167,13784,13951,1.2
11/30/2017,San Juan,Truck,0,0,0,5576,5576,0
12/31/2017,San Juan,Passenger,132,43,175,13852,14027,1.25
12/31/2017,San Juan,Truck,0,0,0,5606,5606,0
1/31/2018,San Juan,Passenger,137,46,183,13926,14109,1.3
1/31/2018,San Juan,Truck,0,0,0,5646,5646,0
2/28/2018,San Juan,Passenger,140,48,188,13921,14109,1.33
2/28/2018,San Juan,Truck,0,0,0,5643,5643,0
3/31/2018,San Juan,Passenger,140,50,190,13938,14128,1.34
3/31/2018,San Juan,Truck,0,0,0,5660,5660,0
4/30/2018,San Juan,Passenger,141,53,194,13960,14154,1.37
4/30/2018,San Juan,Truck,0,0,0,5700,5700,0
5/31/2018,San Juan,Truck,0,0,0,5704,5704,0
5/31/2018,San Juan,Passenger,141,56,197,14045,14242,1.38
6/30/2018,San Juan,Passenger,145,61,206,14068,14274,1.44
6/30/2018,San Juan,Truck,0,0,0,5715,5715,0
7/31/2018,San Juan,Truck,0,0,0,5732,5732,0
7/31/2018,San Juan,Passenger,149,62,211,14114,14325,1.47
8/31/2018,San Juan,Truck,0,0,0,5756,5756,0
8/31/2018,San Juan,Passenger,152,66,218,14151,14369,1.52
9/30/2018,San Juan,Passenger,161,68,229,14182,14411,1.59
9/30/2018,San Juan,Truck,0,0,0,5762,5762,0
10/31/2018,San Juan,Truck,0,0,0,5788,5788,0
10/31/2018,San Juan,Passenger,169,69,238,14211,14449,1.65
11/30/2018,San Juan,Passenger,176,68,244,14213,14457,1.69
11/30/2018,San Juan,Truck,0,0,0,5806,5806,0
12/31/2018,San Juan,Passenger,183,69,252,14223,14475,1.74
12/31/2018,San Juan,Truck,0,0,0,5819,5819,0
1/31/2019,San Juan,Passenger,190,68,258,14254,14512,1.78
1/31/2019,San Juan,Truck,0,0,0,5803,5803,0
2/28/2019,San Juan,Passenger,193,69,262,14273,14535,1.8
2/28/2019,San Juan,Truck,0,0,0,5800,5800,0
3/31/2019,San Juan,Passenger,197,70,267,14289,14556,1.83
3/31/2019,San Juan,Truck,0,0,0,5812,5812,0
4/30/2019,San Juan,Truck,0,0,0,5835,5835,0
4/30/2019,San Juan,Passenger,204,69,273,14331,14604,1.87
5/31/2019,San Juan,Truck,0,0,0,5851,5851,0
5/31/2019,San Juan,Passenger,207,71,278,14356,14634,1.9
6/30/2019,San Juan,Truck,0,0,0,5867,5867,0
6/30/2019,San Juan,Passenger,212,72,284,14408,14692,1.93
7/31/2019,San Juan,Passenger,220,72,292,14445,14737,1.98
7/31/2019,San Juan,Truck,0,0,0,5891,5891,0
8/31/2019,San Juan,Passenger,225,73,298,14440,14738,2.02
8/31/2019,San Juan,Truck,0,0,0,5892,5892,0
9/30/2019,San Juan,Passenger,229,73,302,14430,14732,2.05
9/30/2019,San Juan,Truck,0,0,0,5917,5917,0
10/31/2019,San Juan,Truck,0,0,0,5925,5925,0
10/31/2019,San Juan,Passenger,236,76,312,14409,14721,2.12
11/30/2019,San Juan,Passenger,243,78,321,14404,14725,2.18
11/30/2019,San Juan,Truck,0,0,0,5930,5930,0
12/31/2019,San Juan,Truck,0,0,0,5936,5936,0
12/31/2019,San Juan,Passenger,253,79,332,14406,14738,2.25
1/31/2020,San Juan,Truck,0,0,0,5929,5929,0
1/31/2020,San Juan,Passenger,265,83,348,14401,14749,2.36
2/29/2020,San Juan,Truck,0,0,0,5926,5926,0
2/29/2020,San Juan,Passenger,279,82,361,14329,14690,2.46
3/31/2020,San Juan,Truck,0,0,0,5933,5933,0
3/31/2020,San Juan,Passenger,291,86,377,14280,14657,2.57
4/30/2020,San Juan,Passenger,295,88,383,14156,14539,2.63
4/30/2020,San Juan,Truck,0,0,0,5899,5899,0
5/31/2020,San Juan,Passenger,298,91,389,14061,14450,2.69
5/31/2020,San Juan,Truck,0,0,0,5861,5861,0
6/30/2020,San Juan,Truck,0,0,0,5853,5853,0
6/30/2020,San Juan,Passenger,302,93,395,13967,14362,2.75
7/31/2020,San Juan,Passenger,311,94,405,13958,14363,2.82
7/31/2020,San Juan,Truck,0,0,0,5843,5843,0
8/31/2020,San Juan,Passenger,320,100,420,13929,14349,2.93
8/31/2020,San Juan,Truck,0,0,0,5837,5837,0
9/30/2020,San Juan,Truck,0,0,0,5847,5847,0
9/30/2020,San Juan,Passenger,331,100,431,13908,14339,3.01
10/31/2020,San Juan,Passenger,340,103,443,13970,14413,3.07
10/31/2020,San Juan,Truck,0,0,0,5863,5863,0
11/30/2020,San Juan,Truck,0,0,0,5865,5865,0
11/30/2020,San Juan,Passenger,355,106,461,14018,14479,3.18
12/31/2020,San Juan,Truck,0,0,0,5873,5873,0
12/31/2020,San Juan,Passenger,365,111,476,14022,14498,3.28
1/31/2021,San Juan,Passenger,377,113,490,14024,14514,3.38
1/31/2021,San Juan,Truck,0,0,0,5866,5866,0
2/28/2021,San Juan,Truck,0,0,0,5865,5865,0
2/28/2021,San Juan,Passenger,383,118,501,14059,14560,3.44
3/31/2021,San Juan,Passenger,394,123,517,14118,14635,3.53
3/31/2021,San Juan,Truck,0,0,0,5883,5883,0
4/30/2021,San Juan,Truck,0,0,0,5909,5909,0
4/30/2021,San Juan,Passenger,406,125,531,14148,14679,3.62
5/31/2021,San Juan,Passenger,423,131,554,14217,14771,3.75
5/31/2021,San Juan,Truck,0,0,0,5924,5924,0
6/30/2021,San Juan,Truck,0,0,0,5940,5940,0
6/30/2021,San Juan,Passenger,431,135,566,14256,14822,3.82
7/31/2021,San Juan,Passenger,443,139,582,14242,14824,3.93
7/31/2021,San Juan,Truck,0,0,0,5954,5954,0
8/31/2021,San Juan,Truck,0,0,0,5975,5975,0
8/31/2021,San Juan,Passenger,452,141,593,14207,14800,4.01
9/30/2021,San Juan,Passenger,462,143,605,14187,14792,4.09
9/30/2021,San Juan,Truck,0,0,0,5982,5982,0
10/31/2021,San Juan,Truck,0,0,0,5975,5975,0
10/31/2021,San Juan,Passenger,469,146,615,14189,14804,4.15
11/30/2021,San Juan,Truck,0,0,0,5995,5995,0
11/30/2021,San Juan,Passenger,473,147,620,14195,14815,4.18
12/31/2021,San Juan,Truck,0,0,0,6001,6001,0
12/31/2021,San Juan,Passenger,478,149,627,14189,14816,4.23
1/31/2022,San Juan,Passenger,482,151,633,14173,14806,4.28
1/31/2022,San Juan,Truck,1,0,1,6021,6022,0.02
2/28/2022,San Juan,Passenger,485,152,637,14178,14815,4.3
2/28/2022,San Juan,Truck,1,0,1,6017,6018,0.02
3/31/2022,San Juan,Passenger,492,152,644,14131,14775,4.36
3/31/2022,San Juan,Truck,1,0,1,5995,5996,0.02
4/30/2022,San Juan,Passenger,494,155,649,14130,14779,4.39
4/30/2022,San Juan,Truck,1,0,1,5986,5987,0.02
5/31/2022,San Juan,Passenger,499,152,651,14099,14750,4.41
5/31/2022,San Juan,Truck,1,0,1,5982,5983,0.02
6/30/2022,San Juan,Passenger,513,157,670,14070,14740,4.55
6/30/2022,San Juan,Truck,1,0,1,5991,5992,0.02
7/31/2022,San Juan,Passenger,520,160,680,14027,14707,4.62
7/31/2022,San Juan,Truck,4,0,4,5953,5957,0.07
8/31/2022,San Juan,Passenger,529,162,691,13994,14685,4.71
8/31/2022,San Juan,Truck,5,0,5,5956,5961,0.08
9/30/2022,San Juan,Truck,6,0,6,5956,5962,0.1
9/30/2022,San Juan,Passenger,535,162,697,14004,14701,4.74
10/31/2022,San Juan,Truck,7,0,7,5949,5956,0.12
10/31/2022,San Juan,Passenger,548,165,713,13983,14696,4.85
11/30/2022,San Juan,Truck,7,0,7,5930,5937,0.12
11/30/2022,San Juan,Passenger,553,169,722,13964,14686,4.92
12/31/2022,San Juan,Passenger,559,171,730,13877,14607,5
12/31/2022,San Juan,Truck,8,0,8,5897,5905,0.14
1/31/2023,San Juan,Passenger,569,174,743,13832,14575,5.1
1/31/2023,San Juan,Truck,9,0,9,5883,5892,0.15
2/28/2023,San Juan,Truck,10,0,10,5858,5868,0.17
2/28/2023,San Juan,Passenger,576,173,749,13821,14570,5.14
3/31/2023,San Juan,Truck,10,0,10,5841,5851,0.17
3/31/2023,San Juan,Passenger,590,173,763,13762,14525,5.25
4/30/2023,San Juan,Passenger,598,173,771,13673,14444,5.34
4/30/2023,San Juan,Truck,12,0,12,5828,5840,0.21
5/31/2023,San Juan,Truck,12,0,12,5761,5773,0.21
5/31/2023,San Juan,Passenger,603,170,773,13533,14306,5.4
1/31/2017,Skagit,Truck,1,0,1,31406,31407,0
1/31/2017,Skagit,Passenger,106,81,187,87446,87633,0.21
2/28/2017,Skagit,Passenger,113,86,199,87261,87460,0.23
2/28/2017,Skagit,Truck,1,0,1,31405,31406,0
3/31/2017,Skagit,Passenger,118,91,209,87518,87727,0.24
3/31/2017,Skagit,Truck,1,0,1,31425,31426,0
4/30/2017,Skagit,Passenger,123,97,220,87598,87818,0.25
4/30/2017,Skagit,Truck,1,0,1,31394,31395,0
5/31/2017,Skagit,Truck,1,0,1,31388,31389,0
5/31/2017,Skagit,Passenger,134,102,236,87856,88092,0.27
6/30/2017,Skagit,Truck,1,0,1,31457,31458,0
6/30/2017,Skagit,Passenger,140,103,243,88071,88314,0.28
7/31/2017,Skagit,Passenger,141,104,245,88185,88430,0.28
7/31/2017,Skagit,Truck,1,0,1,31484,31485,0
8/31/2017,Skagit,Passenger,140,112,252,88470,88722,0.28
8/31/2017,Skagit,Truck,1,0,1,31515,31516,0
9/30/2017,Skagit,Passenger,148,120,268,88644,88912,0.3
9/30/2017,Skagit,Truck,1,0,1,31550,31551,0
10/31/2017,Skagit,Truck,1,0,1,31629,31630,0
10/31/2017,Skagit,Passenger,151,126,277,88959,89236,0.31
11/30/2017,Skagit,Passenger,159,131,290,89317,89607,0.32
11/30/2017,Skagit,Truck,1,0,1,31688,31689,0
12/31/2017,Skagit,Truck,1,0,1,31731,31732,0
12/31/2017,Skagit,Passenger,167,138,305,89555,89860,0.34
1/31/2018,Skagit,Truck,1,0,1,31840,31841,0
1/31/2018,Skagit,Passenger,170,140,310,89784,90094,0.34
2/28/2018,Skagit,Passenger,172,145,317,89752,90069,0.35
2/28/2018,Skagit,Truck,1,0,1,31816,31817,0
3/31/2018,Skagit,Passenger,173,154,327,89896,90223,0.36
3/31/2018,Skagit,Truck,1,0,1,31925,31926,0
4/30/2018,Skagit,Passenger,182,155,337,90038,90375,0.37
4/30/2018,Skagit,Truck,1,0,1,31982,31983,0
5/31/2018,Skagit,Passenger,198,163,361,90257,90618,0.4
5/31/2018,Skagit,Truck,1,0,1,32046,32047,0
6/30/2018,Skagit,Passenger,206,166,372,90494,90866,0.41
6/30/2018,Skagit,Truck,1,0,1,32044,32045,0
7/31/2018,Skagit,Passenger,215,171,386,90717,91103,0.42
7/31/2018,Skagit,Truck,1,0,1,32122,32123,0
8/31/2018,Skagit,Truck,1,0,1,32232,32233,0
8/31/2018,Skagit,Passenger,220,169,389,90842,91231,0.43
9/30/2018,Skagit,Passenger,222,176,398,90867,91265,0.44
9/30/2018,Skagit,Truck,1,0,1,32264,32265,0
10/31/2018,Skagit,Passenger,240,180,420,91018,91438,0.46
10/31/2018,Skagit,Truck,1,0,1,32337,32338,0
11/30/2018,Skagit,Truck,1,0,1,32342,32343,0
11/30/2018,Skagit,Passenger,249,184,433,91196,91629,0.47
12/31/2018,Skagit,Passenger,259,187,446,91203,91649,0.49
12/31/2018,Skagit,Truck,1,0,1,32320,32321,0
1/31/2019,Skagit,Passenger,270,186,456,91367,91823,0.5
1/31/2019,Skagit,Truck,1,0,1,32321,32322,0
2/28/2019,Skagit,Truck,1,0,1,32292,32293,0
2/28/2019,Skagit,Passenger,278,187,465,91214,91679,0.51
3/31/2019,Skagit,Passenger,281,189,470,91333,91803,0.51
3/31/2019,Skagit,Truck,1,0,1,32257,32258,0
4/30/2019,Skagit,Passenger,292,197,489,91543,92032,0.53
4/30/2019,Skagit,Truck,1,0,1,32327,32328,0
5/31/2019,Skagit,Truck,1,0,1,32419,32420,0
5/31/2019,Skagit,Passenger,292,200,492,91705,92197,0.53
6/30/2019,Skagit,Passenger,298,200,498,91945,92443,0.54
6/30/2019,Skagit,Truck,1,0,1,32444,32445,0
7/31/2019,Skagit,Truck,1,0,1,32525,32526,0
7/31/2019,Skagit,Passenger,307,210,517,92216,92733,0.56
8/31/2019,Skagit,Passenger,310,209,519,92312,92831,0.56
8/31/2019,Skagit,Truck,1,0,1,32554,32555,0
9/30/2019,Skagit,Passenger,315,210,525,92519,93044,0.56
9/30/2019,Skagit,Truck,1,0,1,32517,32518,0
10/31/2019,Skagit,Passenger,336,210,546,92606,93152,0.59
10/31/2019,Skagit,Truck,1,0,1,32560,32561,0
11/30/2019,Skagit,Passenger,347,210,557,92580,93137,0.6
11/30/2019,Skagit,Truck,1,0,1,32544,32545,0
12/31/2019,Skagit,Passenger,363,213,576,92643,93219,0.62
12/31/2019,Skagit,Truck,1,0,1,32569,32570,0
1/31/2020,Skagit,Truck,1,0,1,32596,32597,0
1/31/2020,Skagit,Passenger,378,215,593,92627,93220,0.64
2/29/2020,Skagit,Passenger,379,215,594,92471,93065,0.64
2/29/2020,Skagit,Truck,1,0,1,32563,32564,0
3/31/2020,Skagit,Truck,1,0,1,32556,32557,0
3/31/2020,Skagit,Passenger,391,216,607,92160,92767,0.65
4/30/2020,Skagit,Truck,1,0,1,32391,32392,0
4/30/2020,Skagit,Passenger,397,215,612,91484,92096,0.66
5/31/2020,Skagit,Passenger,400,216,616,91174,91790,0.67
5/31/2020,Skagit,Truck,1,0,1,32392,32393,0
6/30/2020,Skagit,Passenger,407,221,628,91157,91785,0.68
6/30/2020,Skagit,Truck,1,0,1,32474,32475,0
7/31/2020,Skagit,Truck,1,0,1,32596,32597,0
7/31/2020,Skagit,Passenger,423,223,646,91312,91958,0.7
8/31/2020,Skagit,Passenger,432,222,654,91258,91912,0.71
8/31/2020,Skagit,Truck,1,0,1,32638,32639,0
9/30/2020,Skagit,Passenger,447,228,675,91510,92185,0.73
9/30/2020,Skagit,Truck,1,0,1,32648,32649,0
10/31/2020,Skagit,Passenger,466,231,697,91536,92233,0.76
10/31/2020,Skagit,Truck,1,0,1,32687,32688,0
11/30/2020,Skagit,Truck,1,0,1,32718,32719,0
11/30/2020,Skagit,Passenger,481,235,716,91417,92133,0.78
12/31/2020,Skagit,Truck,1,0,1,32783,32784,0
12/31/2020,Skagit,Passenger,497,238,735,91432,92167,0.8
1/31/2021,Skagit,Truck,1,0,1,32864,32865,0
1/31/2021,Skagit,Passenger,517,243,760,91442,92202,0.82
2/28/2021,Skagit,Passenger,535,247,782,91353,92135,0.85
2/28/2021,Skagit,Truck,1,0,1,32856,32857,0
3/31/2021,Skagit,Truck,1,0,1,32935,32936,0
3/31/2021,Skagit,Passenger,539,260,799,91604,92403,0.86
4/30/2021,Skagit,Passenger,562,268,830,91977,92807,0.89
4/30/2021,Skagit,Truck,1,0,1,33028,33029,0
5/31/2021,Skagit,Truck,1,0,1,33061,33062,0
5/31/2021,Skagit,Passenger,577,265,842,91966,92808,0.91
6/30/2021,Skagit,Truck,1,0,1,33032,33033,0
6/30/2021,Skagit,Passenger,589,274,863,91977,92840,0.93
7/31/2021,Skagit,Passenger,608,281,889,91884,92773,0.96
7/31/2021,Skagit,Truck,1,0,1,33026,33027,0
8/31/2021,Skagit,Passenger,620,287,907,91731,92638,0.98
8/31/2021,Skagit,Truck,1,0,1,32977,32978,0
9/30/2021,Skagit,Passenger,641,291,932,91688,92620,1.01
9/30/2021,Skagit,Truck,1,0,1,32937,32938,0
10/31/2021,Skagit,Passenger,649,295,944,91482,92426,1.02
10/31/2021,Skagit,Truck,1,0,1,32840,32841,0
11/30/2021,Skagit,Truck,1,0,1,32809,32810,0
11/30/2021,Skagit,Passenger,667,299,966,91303,92269,1.05
12/31/2021,Skagit,Passenger,695,302,997,91136,92133,1.08
12/31/2021,Skagit,Truck,1,0,1,32706,32707,0
1/31/2022,Skagit,Passenger,701,307,1008,90876,91884,1.1
1/31/2022,Skagit,Truck,1,0,1,32662,32663,0
2/28/2022,Skagit,Truck,1,0,1,32641,32642,0
2/28/2022,Skagit,Passenger,716,316,1032,90674,91706,1.13
3/31/2022,Skagit,Passenger,731,326,1057,90496,91553,1.15
3/31/2022,Skagit,Truck,1,0,1,32555,32556,0
4/30/2022,Skagit,Truck,1,0,1,32487,32488,0
4/30/2022,Skagit,Passenger,752,328,1080,90325,91405,1.18
5/31/2022,Skagit,Passenger,759,332,1091,90134,91225,1.2
5/31/2022,Skagit,Truck,2,0,2,32407,32409,0.01
6/30/2022,Skagit,Passenger,780,337,1117,90157,91274,1.22
6/30/2022,Skagit,Truck,3,0,3,32362,32365,0.01
7/31/2022,Skagit,Passenger,813,345,1158,89865,91023,1.27
7/31/2022,Skagit,Truck,5,0,5,32313,32318,0.02
8/31/2022,Skagit,Passenger,855,348,1203,89814,91017,1.32
8/31/2022,Skagit,Truck,5,0,5,32252,32257,0.02
9/30/2022,Skagit,Passenger,869,349,1218,89701,90919,1.34
9/30/2022,Skagit,Truck,6,0,6,32239,32245,0.02
10/31/2022,Skagit,Truck,8,0,8,32238,32246,0.02
10/31/2022,Skagit,Passenger,887,349,1236,89477,90713,1.36
11/30/2022,Skagit,Passenger,909,352,1261,89440,90701,1.39
11/30/2022,Skagit,Truck,8,0,8,32178,32186,0.02
12/31/2022,Skagit,Passenger,924,355,1279,89333,90612,1.41
12/31/2022,Skagit,Truck,11,0,11,32092,32103,0.03
1/31/2023,Skagit,Passenger,958,363,1321,89111,90432,1.46
1/31/2023,Skagit,Truck,11,0,11,31986,31997,0.03
2/28/2023,Skagit,Passenger,986,376,1362,88829,90191,1.51
2/28/2023,Skagit,Truck,13,0,13,31894,31907,0.04
3/31/2023,Skagit,Truck,17,0,17,31755,31772,0.05
3/31/2023,Skagit,Passenger,1024,379,1403,88347,89750,1.56
4/30/2023,Skagit,Passenger,1053,386,1439,87701,89140,1.61
4/30/2023,Skagit,Truck,18,0,18,31512,31530,0.06
5/31/2023,Skagit,Passenger,1070,397,1467,86717,88184,1.66
5/31/2023,Skagit,Truck,19,0,19,31065,31084,0.06
1/31/2017,Skamania,Passenger,7,7,14,8550,8564,0.16
1/31/2017,Skamania,Truck,0,0,0,3907,3907,0
2/28/2017,Skamania,Passenger,7,7,14,8544,8558,0.16
2/28/2017,Skamania,Truck,0,0,0,3888,3888,0
3/31/2017,Skamania,Passenger,8,8,16,8530,8546,0.19
3/31/2017,Skamania,Truck,0,0,0,3881,3881,0
4/30/2017,Skamania,Truck,0,0,0,3873,3873,0
4/30/2017,Skamania,Passenger,9,8,17,8522,8539,0.2
5/31/2017,Skamania,Passenger,9,7,16,8533,8549,0.19
5/31/2017,Skamania,Truck,0,0,0,3862,3862,0
6/30/2017,Skamania,Passenger,9,7,16,8567,8583,0.19
6/30/2017,Skamania,Truck,0,0,0,3891,3891,0
7/31/2017,Skamania,Truck,0,0,0,3872,3872,0
7/31/2017,Skamania,Passenger,9,7,16,8553,8569,0.19
8/31/2017,Skamania,Passenger,10,7,17,8572,8589,0.2
8/31/2017,Skamania,Truck,0,0,0,3875,3875,0
9/30/2017,Skamania,Passenger,10,7,17,8571,8588,0.2
9/30/2017,Skamania,Truck,0,0,0,3877,3877,0
10/31/2017,Skamania,Passenger,10,7,17,8570,8587,0.2
10/31/2017,Skamania,Truck,0,0,0,3891,3891,0
11/30/2017,Skamania,Passenger,10,7,17,8575,8592,0.2
11/30/2017,Skamania,Truck,0,0,0,3892,3892,0
12/31/2017,Skamania,Truck,0,0,0,3895,3895,0
12/31/2017,Skamania,Passenger,10,7,17,8588,8605,0.2
1/31/2018,Skamania,Truck,0,0,0,3899,3899,0
1/31/2018,Skamania,Passenger,11,8,19,8608,8627,0.22
2/28/2018,Skamania,Passenger,11,8,19,8624,8643,0.22
2/28/2018,Skamania,Truck,0,0,0,3919,3919,0
3/31/2018,Skamania,Truck,0,0,0,3924,3924,0
3/31/2018,Skamania,Passenger,12,8,20,8667,8687,0.23
4/30/2018,Skamania,Passenger,12,8,20,8706,8726,0.23
4/30/2018,Skamania,Truck,0,0,0,3921,3921,0
5/31/2018,Skamania,Passenger,12,9,21,8706,8727,0.24
5/31/2018,Skamania,Truck,0,0,0,3916,3916,0
6/30/2018,Skamania,Truck,0,0,0,3945,3945,0
6/30/2018,Skamania,Passenger,11,9,20,8662,8682,0.23
7/31/2018,Skamania,Passenger,13,9,22,8637,8659,0.25
7/31/2018,Skamania,Truck,0,0,0,3959,3959,0
8/31/2018,Skamania,Passenger,14,10,24,8671,8695,0.28
8/31/2018,Skamania,Truck,0,0,0,3947,3947,0
9/30/2018,Skamania,Truck,0,0,0,3966,3966,0
9/30/2018,Skamania,Passenger,15,11,26,8711,8737,0.3
10/31/2018,Skamania,Passenger,18,12,30,8729,8759,0.34
10/31/2018,Skamania,Truck,0,0,0,3982,3982,0
11/30/2018,Skamania,Passenger,18,14,32,8732,8764,0.37
11/30/2018,Skamania,Truck,0,0,0,4004,4004,0
12/31/2018,Skamania,Truck,0,0,0,4007,4007,0
12/31/2018,Skamania,Passenger,16,13,29,8733,8762,0.33
1/31/2019,Skamania,Passenger,18,15,33,8743,8776,0.38
1/31/2019,Skamania,Truck,0,0,0,4007,4007,0
2/28/2019,Skamania,Truck,0,0,0,3989,3989,0
2/28/2019,Skamania,Passenger,20,15,35,8717,8752,0.4
3/31/2019,Skamania,Passenger,21,15,36,8724,8760,0.41
3/31/2019,Skamania,Truck,0,0,0,4016,4016,0
4/30/2019,Skamania,Truck,0,0,0,4039,4039,0
4/30/2019,Skamania,Passenger,21,16,37,8713,8750,0.42
5/31/2019,Skamania,Truck,0,0,0,4052,4052,0
5/31/2019,Skamania,Passenger,23,17,40,8720,8760,0.46
6/30/2019,Skamania,Passenger,23,18,41,8726,8767,0.47
6/30/2019,Skamania,Truck,0,0,0,4062,4062,0
7/31/2019,Skamania,Passenger,25,18,43,8741,8784,0.49
7/31/2019,Skamania,Truck,0,0,0,4063,4063,0
8/31/2019,Skamania,Truck,0,0,0,4075,4075,0
8/31/2019,Skamania,Passenger,25,18,43,8757,8800,0.49
9/30/2019,Skamania,Passenger,26,18,44,8789,8833,0.5
9/30/2019,Skamania,Truck,0,0,0,4086,4086,0
10/31/2019,Skamania,Passenger,25,20,45,8805,8850,0.51
10/31/2019,Skamania,Truck,0,0,0,4101,4101,0
11/30/2019,Skamania,Truck,0,0,0,4096,4096,0
11/30/2019,Skamania,Passenger,26,20,46,8791,8837,0.52
12/31/2019,Skamania,Passenger,26,19,45,8769,8814,0.51
12/31/2019,Skamania,Truck,0,0,0,4099,4099,0
1/31/2020,Skamania,Passenger,29,19,48,8771,8819,0.54
1/31/2020,Skamania,Truck,0,0,0,4106,4106,0
2/29/2020,Skamania,Truck,0,0,0,4102,4102,0
2/29/2020,Skamania,Passenger,28,19,47,8775,8822,0.53
3/31/2020,Skamania,Passenger,29,18,47,8718,8765,0.54
3/31/2020,Skamania,Truck,0,0,0,4082,4082,0
4/30/2020,Skamania,Passenger,29,17,46,8617,8663,0.53
4/30/2020,Skamania,Truck,0,0,0,4053,4053,0
5/31/2020,Skamania,Truck,0,0,0,4028,4028,0
5/31/2020,Skamania,Passenger,30,17,47,8525,8572,0.55
6/30/2020,Skamania,Passenger,31,18,49,8481,8530,0.57
6/30/2020,Skamania,Truck,0,0,0,4010,4010,0
7/31/2020,Skamania,Passenger,31,20,51,8428,8479,0.6
7/31/2020,Skamania,Truck,0,0,0,4031,4031,0
8/31/2020,Skamania,Truck,0,0,0,4022,4022,0
8/31/2020,Skamania,Passenger,31,22,53,8376,8429,0.63
9/30/2020,Skamania,Passenger,32,22,54,8372,8426,0.64
9/30/2020,Skamania,Truck,0,0,0,4003,4003,0
10/31/2020,Skamania,Truck,0,0,0,3994,3994,0
10/31/2020,Skamania,Passenger,32,20,52,8330,8382,0.62
11/30/2020,Skamania,Passenger,33,21,54,8304,8358,0.65
11/30/2020,Skamania,Truck,0,0,0,4006,4006,0
12/31/2020,Skamania,Passenger,33,22,55,8351,8406,0.65
12/31/2020,Skamania,Truck,0,0,0,4002,4002,0
1/31/2021,Skamania,Truck,0,0,0,4015,4015,0
1/31/2021,Skamania,Passenger,34,23,57,8338,8395,0.68
2/28/2021,Skamania,Passenger,37,24,61,8291,8352,0.73
2/28/2021,Skamania,Truck,0,0,0,4028,4028,0
3/31/2021,Skamania,Truck,0,0,0,4025,4025,0
3/31/2021,Skamania,Passenger,38,25,63,8307,8370,0.75
4/30/2021,Skamania,Truck,0,0,0,4020,4020,0
4/30/2021,Skamania,Passenger,40,30,70,8365,8435,0.83
5/31/2021,Skamania,Passenger,43,32,75,8394,8469,0.89
5/31/2021,Skamania,Truck,0,0,0,4028,4028,0
6/30/2021,Skamania,Passenger,44,34,78,8405,8483,0.92
6/30/2021,Skamania,Truck,0,0,0,4027,4027,0
7/31/2021,Skamania,Truck,0,0,0,4025,4025,0
7/31/2021,Skamania,Passenger,51,36,87,8408,8495,1.02
8/31/2021,Skamania,Truck,0,0,0,4035,4035,0
8/31/2021,Skamania,Passenger,52,38,90,8387,8477,1.06
9/30/2021,Skamania,Truck,0,0,0,4042,4042,0
9/30/2021,Skamania,Passenger,53,39,92,8384,8476,1.09
10/31/2021,Skamania,Passenger,58,39,97,8334,8431,1.15
10/31/2021,Skamania,Truck,0,0,0,4018,4018,0
11/30/2021,Skamania,Passenger,57,40,97,8342,8439,1.15
11/30/2021,Skamania,Truck,0,0,0,4002,4002,0
12/31/2021,Skamania,Truck,0,0,0,4000,4000,0
12/31/2021,Skamania,Passenger,60,42,102,8321,8423,1.21
1/31/2022,Skamania,Truck,0,0,0,3988,3988,0
1/31/2022,Skamania,Passenger,60,43,103,8314,8417,1.22
2/28/2022,Skamania,Truck,0,0,0,3999,3999,0
2/28/2022,Skamania,Passenger,59,45,104,8309,8413,1.24
3/31/2022,Skamania,Passenger,65,45,110,8277,8387,1.31
3/31/2022,Skamania,Truck,0,0,0,3971,3971,0
4/30/2022,Skamania,Passenger,67,46,113,8226,8339,1.36
4/30/2022,Skamania,Truck,0,0,0,3980,3980,0
5/31/2022,Skamania,Truck,0,0,0,3972,3972,0
5/31/2022,Skamania,Passenger,70,45,115,8208,8323,1.38
6/30/2022,Skamania,Passenger,73,47,120,8212,8332,1.44
6/30/2022,Skamania,Truck,0,0,0,3973,3973,0
7/31/2022,Skamania,Truck,0,0,0,3950,3950,0
7/31/2022,Skamania,Passenger,76,47,123,8163,8286,1.48
8/31/2022,Skamania,Truck,0,0,0,3909,3909,0
8/31/2022,Skamania,Passenger,82,50,132,8155,8287,1.59
9/30/2022,Skamania,Passenger,85,51,136,8124,8260,1.65
9/30/2022,Skamania,Truck,0,0,0,3910,3910,0
10/31/2022,Skamania,Passenger,85,51,136,8103,8239,1.65
10/31/2022,Skamania,Truck,0,0,0,3898,3898,0
11/30/2022,Skamania,Passenger,89,51,140,8113,8253,1.7
11/30/2022,Skamania,Truck,0,0,0,3890,3890,0
12/31/2022,Skamania,Passenger,89,52,141,8093,8234,1.71
12/31/2022,Skamania,Truck,0,0,0,3876,3876,0
1/31/2023,Skamania,Truck,1,0,1,3864,3865,0.03
1/31/2023,Skamania,Passenger,93,53,146,8082,8228,1.77
2/28/2023,Skamania,Passenger,93,53,146,8055,8201,1.78
2/28/2023,Skamania,Truck,1,0,1,3841,3842,0.03
3/31/2023,Skamania,Truck,1,0,1,3810,3811,0.03
3/31/2023,Skamania,Passenger,95,53,148,8027,8175,1.81
4/30/2023,Skamania,Truck,1,0,1,3780,3781,0.03
4/30/2023,Skamania,Passenger,99,52,151,7945,8096,1.87
5/31/2023,Skamania,Passenger,100,57,157,7845,8002,1.96
5/31/2023,Skamania,Truck,1,0,1,3726,3727,0.03
1/31/2017,Snohomish,Truck,1,0,1,122825,122826,0
1/31/2017,Snohomish,Passenger,1548,804,2352,514984,517336,0.45
2/28/2017,Snohomish,Passenger,1603,825,2428,514088,516516,0.47
2/28/2017,Snohomish,Truck,1,0,1,122505,122506,0
3/31/2017,Snohomish,Passenger,1655,850,2505,513409,515914,0.49
3/31/2017,Snohomish,Truck,1,0,1,122200,122201,0
4/30/2017,Snohomish,Truck,1,0,1,122010,122011,0
4/30/2017,Snohomish,Passenger,1708,862,2570,512784,515354,0.5
5/31/2017,Snohomish,Passenger,1738,868,2606,512645,515251,0.51
5/31/2017,Snohomish,Truck,1,0,1,121867,121868,0
6/30/2017,Snohomish,Passenger,1792,904,2696,513199,515895,0.52
6/30/2017,Snohomish,Truck,1,0,1,121889,121890,0
7/31/2017,Snohomish,Truck,1,0,1,121774,121775,0
7/31/2017,Snohomish,Passenger,1817,921,2738,513302,516040,0.53
8/31/2017,Snohomish,Passenger,1846,943,2789,513745,516534,0.54
8/31/2017,Snohomish,Truck,1,0,1,121673,121674,0
9/30/2017,Snohomish,Passenger,1910,976,2886,514386,517272,0.56
9/30/2017,Snohomish,Truck,1,0,1,121530,121531,0
10/31/2017,Snohomish,Truck,1,0,1,121466,121467,0
10/31/2017,Snohomish,Passenger,1946,1000,2946,515251,518197,0.57
11/30/2017,Snohomish,Passenger,1986,1020,3006,516022,519028,0.58
11/30/2017,Snohomish,Truck,1,0,1,121382,121383,0
12/31/2017,Snohomish,Truck,1,0,1,121408,121409,0
12/31/2017,Snohomish,Passenger,2015,1052,3067,516922,519989,0.59
1/31/2018,Snohomish,Passenger,2072,1095,3167,518071,521238,0.61
1/31/2018,Snohomish,Truck,1,0,1,121556,121557,0
2/28/2018,Snohomish,Passenger,2087,1120,3207,517288,520495,0.62
2/28/2018,Snohomish,Truck,1,0,1,121338,121339,0
3/31/2018,Snohomish,Truck,1,0,1,121234,121235,0
3/31/2018,Snohomish,Passenger,2132,1160,3292,517931,521223,0.63
4/30/2018,Snohomish,Truck,1,0,1,121261,121262,0
4/30/2018,Snohomish,Passenger,2188,1195,3383,518825,522208,0.65
5/31/2018,Snohomish,Truck,1,0,1,121484,121485,0
5/31/2018,Snohomish,Passenger,2280,1224,3504,520056,523560,0.67
6/30/2018,Snohomish,Truck,1,0,1,121657,121658,0
6/30/2018,Snohomish,Passenger,2348,1263,3611,521529,525140,0.69
7/31/2018,Snohomish,Passenger,2403,1296,3699,522678,526377,0.7
7/31/2018,Snohomish,Truck,1,0,1,121681,121682,0
8/31/2018,Snohomish,Passenger,2470,1312,3782,523650,527432,0.72
8/31/2018,Snohomish,Truck,1,0,1,121712,121713,0
9/30/2018,Snohomish,Truck,1,0,1,121774,121775,0
9/30/2018,Snohomish,Passenger,2515,1330,3845,524581,528426,0.73
10/31/2018,Snohomish,Passenger,2636,1379,4015,525975,529990,0.76
10/31/2018,Snohomish,Truck,1,0,1,121861,121862,0
11/30/2018,Snohomish,Truck,1,0,1,121950,121951,0
11/30/2018,Snohomish,Passenger,2788,1416,4204,526806,531010,0.79
12/31/2018,Snohomish,Truck,1,0,1,121967,121968,0
12/31/2018,Snohomish,Passenger,2914,1438,4352,527258,531610,0.82
1/31/2019,Snohomish,Passenger,3074,1489,4563,528310,532873,0.86
1/31/2019,Snohomish,Truck,1,0,1,122005,122006,0
2/28/2019,Snohomish,Passenger,3145,1499,4644,527684,532328,0.87
2/28/2019,Snohomish,Truck,1,0,1,121879,121880,0
3/31/2019,Snohomish,Passenger,3194,1520,4714,528016,532730,0.88
3/31/2019,Snohomish,Truck,1,0,1,121910,121911,0
4/30/2019,Snohomish,Truck,1,0,1,122010,122011,0
4/30/2019,Snohomish,Passenger,3292,1540,4832,529186,534018,0.9
5/31/2019,Snohomish,Truck,1,0,1,122073,122074,0
5/31/2019,Snohomish,Passenger,3372,1573,4945,530364,535309,0.92
6/30/2019,Snohomish,Passenger,3473,1594,5067,531536,536603,0.94
6/30/2019,Snohomish,Truck,0,0,0,122374,122374,0
7/31/2019,Snohomish,Truck,0,0,0,122619,122619,0
7/31/2019,Snohomish,Passenger,3556,1618,5174,532767,537941,0.96
8/31/2019,Snohomish,Truck,0,0,0,122863,122863,0
8/31/2019,Snohomish,Passenger,3641,1641,5282,533134,538416,0.98
9/30/2019,Snohomish,Truck,0,0,0,122967,122967,0
9/30/2019,Snohomish,Passenger,3740,1662,5402,533958,539360,1
10/31/2019,Snohomish,Passenger,3897,1684,5581,535144,540725,1.03
10/31/2019,Snohomish,Truck,0,0,0,123009,123009,0
11/30/2019,Snohomish,Passenger,3943,1707,5650,535444,541094,1.04
11/30/2019,Snohomish,Truck,0,0,0,123163,123163,0
12/31/2019,Snohomish,Passenger,4021,1710,5731,536136,541867,1.06
12/31/2019,Snohomish,Truck,0,0,0,123276,123276,0
1/31/2020,Snohomish,Passenger,4244,1719,5963,537936,543899,1.1
1/31/2020,Snohomish,Truck,0,0,0,123639,123639,0
2/29/2020,Snohomish,Passenger,4302,1730,6032,538181,544213,1.11
2/29/2020,Snohomish,Truck,0,0,0,123727,123727,0
3/31/2020,Snohomish,Passenger,4370,1758,6128,537445,543573,1.13
3/31/2020,Snohomish,Truck,0,0,0,123723,123723,0
4/30/2020,Snohomish,Passenger,4400,1752,6152,535230,541382,1.14
4/30/2020,Snohomish,Truck,0,0,0,123315,123315,0
5/31/2020,Snohomish,Truck,0,0,0,123363,123363,0
5/31/2020,Snohomish,Passenger,4402,1749,6151,533913,540064,1.14
6/30/2020,Snohomish,Passenger,4434,1766,6200,534577,540777,1.15
6/30/2020,Snohomish,Truck,0,0,0,123941,123941,0
7/31/2020,Snohomish,Truck,0,0,0,124342,124342,0
7/31/2020,Snohomish,Passenger,4583,1776,6359,535644,542003,1.17
8/31/2020,Snohomish,Passenger,4645,1783,6428,536119,542547,1.18
8/31/2020,Snohomish,Truck,0,0,0,124599,124599,0
9/30/2020,Snohomish,Passenger,4694,1809,6503,537259,543762,1.2
9/30/2020,Snohomish,Truck,0,0,0,124940,124940,0
10/31/2020,Snohomish,Passenger,4831,1817,6648,537898,544546,1.22
10/31/2020,Snohomish,Truck,0,0,0,125322,125322,0
11/30/2020,Snohomish,Passenger,4956,1824,6780,538107,544887,1.24
11/30/2020,Snohomish,Truck,0,0,0,125474,125474,0
12/31/2020,Snohomish,Passenger,5036,1849,6885,538663,545548,1.26
12/31/2020,Snohomish,Truck,0,0,0,125704,125704,0
1/31/2021,Snohomish,Truck,1,0,1,125699,125700,0
1/31/2021,Snohomish,Passenger,5177,1877,7054,538440,545494,1.29
2/28/2021,Snohomish,Passenger,5270,1895,7165,538313,545478,1.31
2/28/2021,Snohomish,Truck,1,0,1,125741,125742,0
3/31/2021,Snohomish,Passenger,5384,1932,7316,538956,546272,1.34
3/31/2021,Snohomish,Truck,1,0,1,125945,125946,0
4/30/2021,Snohomish,Truck,1,0,1,126407,126408,0
4/30/2021,Snohomish,Passenger,5587,1968,7555,540514,548069,1.38
5/31/2021,Snohomish,Truck,1,0,1,126373,126374,0
5/31/2021,Snohomish,Passenger,5728,2003,7731,540372,548103,1.41
6/30/2021,Snohomish,Truck,1,0,1,126279,126280,0
6/30/2021,Snohomish,Passenger,5885,2049,7934,540383,548317,1.45
7/31/2021,Snohomish,Passenger,6124,2101,8225,539845,548070,1.5
7/31/2021,Snohomish,Truck,1,0,1,126205,126206,0
8/31/2021,Snohomish,Passenger,6308,2138,8446,539503,547949,1.54
8/31/2021,Snohomish,Truck,1,0,1,126028,126029,0
9/30/2021,Snohomish,Passenger,6454,2165,8619,539590,548209,1.57
9/30/2021,Snohomish,Truck,1,0,1,125970,125971,0
10/31/2021,Snohomish,Passenger,6653,2198,8851,538880,547731,1.62
10/31/2021,Snohomish,Truck,2,0,2,125806,125808,0
11/30/2021,Snohomish,Passenger,6836,2230,9066,538497,547563,1.66
11/30/2021,Snohomish,Truck,2,0,2,125695,125697,0
12/31/2021,Snohomish,Truck,2,0,2,125456,125458,0
12/31/2021,Snohomish,Passenger,7023,2236,9259,537566,546825,1.69
1/31/2022,Snohomish,Passenger,7219,2279,9498,536747,546245,1.74
1/31/2022,Snohomish,Truck,3,0,3,125317,125320,0
2/28/2022,Snohomish,Passenger,7452,2312,9764,536043,545807,1.79
2/28/2022,Snohomish,Truck,3,0,3,125166,125169,0
3/31/2022,Snohomish,Truck,4,0,4,124842,124846,0
3/31/2022,Snohomish,Passenger,7664,2363,10027,535024,545051,1.84
4/30/2022,Snohomish,Truck,4,0,4,124641,124645,0
4/30/2022,Snohomish,Passenger,7964,2418,10382,534170,544552,1.91
5/31/2022,Snohomish,Passenger,8140,2474,10614,533182,543796,1.95
5/31/2022,Snohomish,Truck,6,0,6,124146,124152,0
6/30/2022,Snohomish,Passenger,8361,2529,10890,533134,544024,2
6/30/2022,Snohomish,Truck,12,0,12,123943,123955,0.01
7/31/2022,Snohomish,Truck,27,0,27,123578,123605,0.02
7/31/2022,Snohomish,Passenger,8662,2566,11228,531725,542953,2.07
8/31/2022,Snohomish,Truck,45,0,45,123267,123312,0.04
8/31/2022,Snohomish,Passenger,8929,2596,11525,531428,542953,2.12
9/30/2022,Snohomish,Passenger,9071,2625,11696,531334,543030,2.15
9/30/2022,Snohomish,Truck,59,0,59,123111,123170,0.05
10/31/2022,Snohomish,Truck,76,0,76,122901,122977,0.06
10/31/2022,Snohomish,Passenger,9433,2671,12104,530928,543032,2.23
11/30/2022,Snohomish,Passenger,9879,2718,12597,530464,543061,2.32
11/30/2022,Snohomish,Truck,79,0,79,122654,122733,0.06
12/31/2022,Snohomish,Passenger,10179,2763,12942,529711,542653,2.38
12/31/2022,Snohomish,Truck,92,0,92,122337,122429,0.08
1/31/2023,Snohomish,Truck,113,0,113,122070,122183,0.09
1/31/2023,Snohomish,Passenger,10587,2792,13379,529238,542617,2.47
2/28/2023,Snohomish,Passenger,10916,2838,13754,527819,541573,2.54
2/28/2023,Snohomish,Truck,122,0,122,121585,121707,0.1
3/31/2023,Snohomish,Passenger,11261,2884,14145,525580,539725,2.62
3/31/2023,Snohomish,Truck,134,0,134,120929,121063,0.11
4/30/2023,Snohomish,Passenger,11628,2914,14542,522383,536925,2.71
4/30/2023,Snohomish,Truck,145,0,145,119855,120000,0.12
5/31/2023,Snohomish,Passenger,12051,2932,14983,516272,531255,2.82
5/31/2023,Snohomish,Truck,162,0,162,118081,118243,0.14
1/31/2017,Spokane,Passenger,221,196,417,296031,296448,0.14
1/31/2017,Spokane,Truck,1,0,1,90432,90433,0
2/28/2017,Spokane,Passenger,226,196,422,295032,295454,0.14
2/28/2017,Spokane,Truck,1,0,1,90245,90246,0
3/31/2017,Spokane,Truck,1,0,1,90259,90260,0
3/31/2017,Spokane,Passenger,232,202,434,295462,295896,0.15
4/30/2017,Spokane,Truck,1,0,1,90270,90271,0
4/30/2017,Spokane,Passenger,236,208,444,295755,296199,0.15
5/31/2017,Spokane,Truck,1,0,1,90333,90334,0
5/31/2017,Spokane,Passenger,245,211,456,296390,296846,0.15
6/30/2017,Spokane,Passenger,253,208,461,296817,297278,0.16
6/30/2017,Spokane,Truck,1,0,1,90628,90629,0
7/31/2017,Spokane,Passenger,262,213,475,296664,297139,0.16
7/31/2017,Spokane,Truck,1,0,1,90747,90748,0
8/31/2017,Spokane,Passenger,268,220,488,297421,297909,0.16
8/31/2017,Spokane,Truck,1,0,1,90998,90999,0
9/30/2017,Spokane,Passenger,276,229,505,298164,298669,0.17
9/30/2017,Spokane,Truck,1,0,1,91175,91176,0
10/31/2017,Spokane,Passenger,286,238,524,298921,299445,0.17
10/31/2017,Spokane,Truck,1,0,1,91335,91336,0
11/30/2017,Spokane,Truck,1,0,1,91425,91426,0
11/30/2017,Spokane,Passenger,291,239,530,299654,300184,0.18
12/31/2017,Spokane,Truck,1,0,1,91584,91585,0
12/31/2017,Spokane,Passenger,297,240,537,300118,300655,0.18
1/31/2018,Spokane,Truck,1,0,1,91744,91745,0
1/31/2018,Spokane,Passenger,300,255,555,300800,301355,0.18
2/28/2018,Spokane,Passenger,306,263,569,300530,301099,0.19
2/28/2018,Spokane,Truck,1,0,1,91727,91728,0
3/31/2018,Spokane,Passenger,304,273,577,301282,301859,0.19
3/31/2018,Spokane,Truck,1,0,1,91907,91908,0
4/30/2018,Spokane,Passenger,318,288,606,301927,302533,0.2
4/30/2018,Spokane,Truck,1,0,1,92067,92068,0
5/31/2018,Spokane,Truck,1,0,1,92377,92378,0
5/31/2018,Spokane,Passenger,324,302,626,302464,303090,0.21
6/30/2018,Spokane,Truck,1,0,1,92642,92643,0
6/30/2018,Spokane,Passenger,340,316,656,303140,303796,0.22
7/31/2018,Spokane,Passenger,347,320,667,304024,304691,0.22
7/31/2018,Spokane,Truck,1,0,1,92875,92876,0
8/31/2018,Spokane,Truck,1,0,1,93037,93038,0
8/31/2018,Spokane,Passenger,360,336,696,304756,305452,0.23
9/30/2018,Spokane,Truck,1,0,1,93193,93194,0
9/30/2018,Spokane,Passenger,359,344,703,305157,305860,0.23
10/31/2018,Spokane,Truck,1,0,1,93441,93442,0
10/31/2018,Spokane,Passenger,383,352,735,306215,306950,0.24
11/30/2018,Spokane,Truck,1,0,1,93673,93674,0
11/30/2018,Spokane,Passenger,408,358,766,306907,307673,0.25
12/31/2018,Spokane,Passenger,439,373,812,307189,308001,0.26
12/31/2018,Spokane,Truck,1,0,1,93769,93770,0
1/31/2019,Spokane,Passenger,471,380,851,307619,308470,0.28
1/31/2019,Spokane,Truck,1,0,1,93950,93951,0
2/28/2019,Spokane,Truck,1,0,1,93895,93896,0
2/28/2019,Spokane,Passenger,481,386,867,307242,308109,0.28
3/31/2019,Spokane,Passenger,491,393,884,307784,308668,0.29
3/31/2019,Spokane,Truck,1,0,1,94024,94025,0
4/30/2019,Spokane,Truck,1,0,1,94389,94390,0
4/30/2019,Spokane,Passenger,512,407,919,309586,310505,0.3
5/31/2019,Spokane,Truck,1,0,1,94613,94614,0
5/31/2019,Spokane,Passenger,529,422,951,310939,311890,0.3
6/30/2019,Spokane,Passenger,539,433,972,311814,312786,0.31
6/30/2019,Spokane,Truck,1,0,1,94866,94867,0
7/31/2019,Spokane,Truck,1,0,1,95248,95249,0
7/31/2019,Spokane,Passenger,557,435,992,312739,313731,0.32
8/31/2019,Spokane,Passenger,575,439,1014,313164,314178,0.32
8/31/2019,Spokane,Truck,1,0,1,95537,95538,0
9/30/2019,Spokane,Passenger,596,445,1041,313576,314617,0.33
9/30/2019,Spokane,Truck,1,0,1,95771,95772,0
10/31/2019,Spokane,Truck,1,0,1,96098,96099,0
10/31/2019,Spokane,Passenger,616,464,1080,314358,315438,0.34
11/30/2019,Spokane,Truck,1,0,1,96224,96225,0
11/30/2019,Spokane,Passenger,631,470,1101,314655,315756,0.35
12/31/2019,Spokane,Passenger,643,470,1113,315089,316202,0.35
12/31/2019,Spokane,Truck,1,0,1,96388,96389,0
1/31/2020,Spokane,Passenger,684,466,1150,316787,317937,0.36
1/31/2020,Spokane,Truck,1,0,1,96906,96907,0
2/29/2020,Spokane,Passenger,696,468,1164,317594,318758,0.37
2/29/2020,Spokane,Truck,1,0,1,97169,97170,0
3/31/2020,Spokane,Passenger,704,472,1176,318017,319193,0.37
3/31/2020,Spokane,Truck,1,0,1,97466,97467,0
4/30/2020,Spokane,Truck,1,0,1,97407,97408,0
4/30/2020,Spokane,Passenger,711,472,1183,316328,317511,0.37
5/31/2020,Spokane,Truck,1,0,1,97698,97699,0
5/31/2020,Spokane,Passenger,721,478,1199,315052,316251,0.38
6/30/2020,Spokane,Passenger,730,486,1216,315485,316701,0.38
6/30/2020,Spokane,Truck,1,0,1,98339,98340,0
7/31/2020,Spokane,Truck,1,0,1,98991,98992,0
7/31/2020,Spokane,Passenger,753,490,1243,316471,317714,0.39
8/31/2020,Spokane,Passenger,781,504,1285,317520,318805,0.4
8/31/2020,Spokane,Truck,1,0,1,99453,99454,0
9/30/2020,Spokane,Truck,1,0,1,99872,99873,0
9/30/2020,Spokane,Passenger,797,512,1309,318810,320119,0.41
10/31/2020,Spokane,Passenger,828,524,1352,319790,321142,0.42
10/31/2020,Spokane,Truck,0,0,0,100217,100217,0
11/30/2020,Spokane,Passenger,859,541,1400,320330,321730,0.44
11/30/2020,Spokane,Truck,0,0,0,100388,100388,0
12/31/2020,Spokane,Passenger,886,547,1433,321166,322599,0.44
12/31/2020,Spokane,Truck,0,0,0,100720,100720,0
1/31/2021,Spokane,Truck,0,0,0,100888,100888,0
1/31/2021,Spokane,Passenger,910,551,1461,321058,322519,0.45
2/28/2021,Spokane,Passenger,923,560,1483,321478,322961,0.46
2/28/2021,Spokane,Truck,0,0,0,101015,101015,0
3/31/2021,Spokane,Passenger,952,584,1536,322733,324269,0.47
3/31/2021,Spokane,Truck,0,0,0,101453,101453,0
4/30/2021,Spokane,Truck,0,0,0,101948,101948,0
4/30/2021,Spokane,Passenger,1000,611,1611,324944,326555,0.49
5/31/2021,Spokane,Truck,0,0,0,102108,102108,0
5/31/2021,Spokane,Passenger,1030,624,1654,325652,327306,0.51
6/30/2021,Spokane,Truck,0,0,0,102365,102365,0
6/30/2021,Spokane,Passenger,1069,646,1715,326539,328254,0.52
7/31/2021,Spokane,Passenger,1119,653,1772,326153,327925,0.54
7/31/2021,Spokane,Truck,0,0,0,102334,102334,0
8/31/2021,Spokane,Passenger,1158,684,1842,326137,327979,0.56
8/31/2021,Spokane,Truck,0,0,0,102478,102478,0
9/30/2021,Spokane,Passenger,1187,703,1890,326304,328194,0.58
9/30/2021,Spokane,Truck,0,0,0,102586,102586,0
10/31/2021,Spokane,Passenger,1218,727,1945,326634,328579,0.59
10/31/2021,Spokane,Truck,0,0,0,102606,102606,0
11/30/2021,Spokane,Passenger,1262,748,2010,327165,329175,0.61
11/30/2021,Spokane,Truck,0,0,0,102718,102718,0
12/31/2021,Spokane,Truck,0,0,0,102813,102813,0
12/31/2021,Spokane,Passenger,1310,758,2068,327491,329559,0.63
1/31/2022,Spokane,Passenger,1350,766,2116,326777,328893,0.64
1/31/2022,Spokane,Truck,0,0,0,102672,102672,0
2/28/2022,Spokane,Passenger,1392,784,2176,326342,328518,0.66
2/28/2022,Spokane,Truck,0,0,0,102624,102624,0
3/31/2022,Spokane,Passenger,1443,799,2242,326004,328246,0.68
3/31/2022,Spokane,Truck,0,0,0,102488,102488,0
4/30/2022,Spokane,Truck,0,0,0,102440,102440,0
4/30/2022,Spokane,Passenger,1511,810,2321,325874,328195,0.71
5/31/2022,Spokane,Passenger,1543,832,2375,325495,327870,0.72
5/31/2022,Spokane,Truck,1,0,1,102266,102267,0
6/30/2022,Spokane,Passenger,1602,849,2451,325623,328074,0.75
6/30/2022,Spokane,Truck,1,0,1,102292,102293,0
7/31/2022,Spokane,Truck,8,0,8,102087,102095,0.01
7/31/2022,Spokane,Passenger,1677,866,2543,324970,327513,0.78
8/31/2022,Spokane,Truck,10,0,10,102054,102064,0.01
8/31/2022,Spokane,Passenger,1744,883,2627,324866,327493,0.8
9/30/2022,Spokane,Passenger,1772,891,2663,324821,327484,0.81
9/30/2022,Spokane,Truck,12,0,12,101979,101991,0.01
10/31/2022,Spokane,Truck,14,0,14,101895,101909,0.01
10/31/2022,Spokane,Passenger,1837,911,2748,324724,327472,0.84
11/30/2022,Spokane,Passenger,1895,916,2811,324564,327375,0.86
11/30/2022,Spokane,Truck,19,0,19,101881,101900,0.02
12/31/2022,Spokane,Passenger,1940,933,2873,324258,327131,0.88
12/31/2022,Spokane,Truck,20,0,20,101769,101789,0.02
1/31/2023,Spokane,Truck,22,0,22,101663,101685,0.02
1/31/2023,Spokane,Passenger,1996,952,2948,323865,326813,0.9
2/28/2023,Spokane,Passenger,2040,979,3019,322929,325948,0.93
2/28/2023,Spokane,Truck,26,0,26,101498,101524,0.03
3/31/2023,Spokane,Passenger,2095,1002,3097,320430,323527,0.96
3/31/2023,Spokane,Truck,30,0,30,101156,101186,0.03
4/30/2023,Spokane,Passenger,2153,1027,3180,318746,321926,0.99
4/30/2023,Spokane,Truck,34,0,34,100469,100503,0.03
5/31/2023,Spokane,Passenger,2208,1050,3258,315920,319178,1.02
5/31/2023,Spokane,Truck,39,0,39,99497,99536,0.04
1/31/2017,Stevens,Truck,0,0,0,18342,18342,0
1/31/2017,Stevens,Passenger,6,21,27,31530,31557,0.09
2/28/2017,Stevens,Passenger,6,21,27,31320,31347,0.09
2/28/2017,Stevens,Truck,0,0,0,18333,18333,0
3/31/2017,Stevens,Truck,0,0,0,18309,18309,0
3/31/2017,Stevens,Passenger,6,20,26,31286,31312,0.08
4/30/2017,Stevens,Passenger,8,22,30,31235,31265,0.1
4/30/2017,Stevens,Truck,0,0,0,18286,18286,0
5/31/2017,Stevens,Truck,0,0,0,18254,18254,0
5/31/2017,Stevens,Passenger,8,23,31,31331,31362,0.1
6/30/2017,Stevens,Truck,0,0,0,18273,18273,0
6/30/2017,Stevens,Passenger,8,23,31,31387,31418,0.1
7/31/2017,Stevens,Truck,0,0,0,18210,18210,0
7/31/2017,Stevens,Passenger,8,23,31,31398,31429,0.1
8/31/2017,Stevens,Passenger,8,22,30,31517,31547,0.1
8/31/2017,Stevens,Truck,0,0,0,18217,18217,0
9/30/2017,Stevens,Passenger,8,22,30,31549,31579,0.09
9/30/2017,Stevens,Truck,0,0,0,18249,18249,0
10/31/2017,Stevens,Passenger,9,22,31,31534,31565,0.1
10/31/2017,Stevens,Truck,0,0,0,18302,18302,0
11/30/2017,Stevens,Truck,0,0,0,18329,18329,0
11/30/2017,Stevens,Passenger,10,21,31,31554,31585,0.1
12/31/2017,Stevens,Truck,0,0,0,18373,18373,0
12/31/2017,Stevens,Passenger,10,21,31,31533,31564,0.1
1/31/2018,Stevens,Passenger,10,22,32,31598,31630,0.1
1/31/2018,Stevens,Truck,0,0,0,18384,18384,0
2/28/2018,Stevens,Truck,0,0,0,18397,18397,0
2/28/2018,Stevens,Passenger,10,21,31,31515,31546,0.1
3/31/2018,Stevens,Passenger,9,21,30,31603,31633,0.09
3/31/2018,Stevens,Truck,0,0,0,18420,18420,0
4/30/2018,Stevens,Truck,0,0,0,18505,18505,0
4/30/2018,Stevens,Passenger,10,24,34,31586,31620,0.11
5/31/2018,Stevens,Passenger,11,25,36,31565,31601,0.11
5/31/2018,Stevens,Truck,0,0,0,18583,18583,0
6/30/2018,Stevens,Passenger,11,25,36,31637,31673,0.11
6/30/2018,Stevens,Truck,0,0,0,18605,18605,0
7/31/2018,Stevens,Truck,0,0,0,18646,18646,0
7/31/2018,Stevens,Passenger,11,25,36,31650,31686,0.11
8/31/2018,Stevens,Truck,0,0,0,18673,18673,0
8/31/2018,Stevens,Passenger,12,26,38,31687,31725,0.12
9/30/2018,Stevens,Passenger,13,27,40,31700,31740,0.13
9/30/2018,Stevens,Truck,0,0,0,18676,18676,0
10/31/2018,Stevens,Truck,0,0,0,18717,18717,0
10/31/2018,Stevens,Passenger,14,28,42,31810,31852,0.13
11/30/2018,Stevens,Truck,0,0,0,18729,18729,0
11/30/2018,Stevens,Passenger,16,27,43,31791,31834,0.14
12/31/2018,Stevens,Truck,0,0,0,18762,18762,0
12/31/2018,Stevens,Passenger,16,27,43,31786,31829,0.14
1/31/2019,Stevens,Passenger,18,28,46,31814,31860,0.14
1/31/2019,Stevens,Truck,0,0,0,18768,18768,0
2/28/2019,Stevens,Passenger,18,28,46,31734,31780,0.14
2/28/2019,Stevens,Truck,0,0,0,18756,18756,0
3/31/2019,Stevens,Passenger,18,27,45,31634,31679,0.14
3/31/2019,Stevens,Truck,0,0,0,18707,18707,0
4/30/2019,Stevens,Truck,0,0,0,18681,18681,0
4/30/2019,Stevens,Passenger,19,27,46,31641,31687,0.15
5/31/2019,Stevens,Passenger,20,29,49,31680,31729,0.15
5/31/2019,Stevens,Truck,0,0,0,18675,18675,0
6/30/2019,Stevens,Truck,0,0,0,18657,18657,0
6/30/2019,Stevens,Passenger,19,31,50,31694,31744,0.16
7/31/2019,Stevens,Truck,0,0,0,18702,18702,0
7/31/2019,Stevens,Passenger,19,30,49,31720,31769,0.15
8/31/2019,Stevens,Passenger,22,29,51,31707,31758,0.16
8/31/2019,Stevens,Truck,0,0,0,18715,18715,0
9/30/2019,Stevens,Passenger,27,28,55,31672,31727,0.17
9/30/2019,Stevens,Truck,0,0,0,18752,18752,0
10/31/2019,Stevens,Truck,0,0,0,18771,18771,0
10/31/2019,Stevens,Passenger,29,28,57,31625,31682,0.18
11/30/2019,Stevens,Passenger,31,30,61,31607,31668,0.19
11/30/2019,Stevens,Truck,0,0,0,18793,18793,0
12/31/2019,Stevens,Passenger,31,31,62,31609,31671,0.2
12/31/2019,Stevens,Truck,0,0,0,18759,18759,0
1/31/2020,Stevens,Truck,0,0,0,18788,18788,0
1/31/2020,Stevens,Passenger,33,32,65,31501,31566,0.21
2/29/2020,Stevens,Truck,0,0,0,18754,18754,0
2/29/2020,Stevens,Passenger,33,33,66,31446,31512,0.21
3/31/2020,Stevens,Passenger,33,33,66,31263,31329,0.21
3/31/2020,Stevens,Truck,0,0,0,18699,18699,0
4/30/2020,Stevens,Passenger,33,33,66,30968,31034,0.21
4/30/2020,Stevens,Truck,0,0,0,18610,18610,0
5/31/2020,Stevens,Truck,0,0,0,18597,18597,0
5/31/2020,Stevens,Passenger,34,33,67,30734,30801,0.22
6/30/2020,Stevens,Passenger,36,33,69,30655,30724,0.22
6/30/2020,Stevens,Truck,0,0,0,18643,18643,0
7/31/2020,Stevens,Passenger,37,35,72,30630,30702,0.23
7/31/2020,Stevens,Truck,0,0,0,18670,18670,0
8/31/2020,Stevens,Truck,0,0,0,18651,18651,0
8/31/2020,Stevens,Passenger,35,36,71,30496,30567,0.23
9/30/2020,Stevens,Truck,0,0,0,18702,18702,0
9/30/2020,Stevens,Passenger,35,38,73,30420,30493,0.24
10/31/2020,Stevens,Passenger,36,39,75,30372,30447,0.25
10/31/2020,Stevens,Truck,0,0,0,18695,18695,0
11/30/2020,Stevens,Truck,0,0,0,18672,18672,0
11/30/2020,Stevens,Passenger,36,39,75,30281,30356,0.25
12/31/2020,Stevens,Truck,0,0,0,18717,18717,0
12/31/2020,Stevens,Passenger,36,40,76,30241,30317,0.25
1/31/2021,Stevens,Passenger,37,40,77,30278,30355,0.25
1/31/2021,Stevens,Truck,0,0,0,18752,18752,0
2/28/2021,Stevens,Passenger,38,42,80,30234,30314,0.26
2/28/2021,Stevens,Truck,0,0,0,18724,18724,0
3/31/2021,Stevens,Truck,0,0,0,18800,18800,0
3/31/2021,Stevens,Passenger,38,43,81,30324,30405,0.27
4/30/2021,Stevens,Passenger,40,43,83,30587,30670,0.27
4/30/2021,Stevens,Truck,0,0,0,18878,18878,0
5/31/2021,Stevens,Passenger,42,45,87,30566,30653,0.28
5/31/2021,Stevens,Truck,0,0,0,18961,18961,0
6/30/2021,Stevens,Passenger,45,45,90,30486,30576,0.29
6/30/2021,Stevens,Truck,0,0,0,18951,18951,0
7/31/2021,Stevens,Truck,0,0,0,18925,18925,0
7/31/2021,Stevens,Passenger,49,46,95,30410,30505,0.31
8/31/2021,Stevens,Truck,0,0,0,18916,18916,0
8/31/2021,Stevens,Passenger,48,44,92,30291,30383,0.3
9/30/2021,Stevens,Passenger,51,42,93,30333,30426,0.31
9/30/2021,Stevens,Truck,0,0,0,18895,18895,0
10/31/2021,Stevens,Passenger,52,43,95,30252,30347,0.31
10/31/2021,Stevens,Truck,0,0,0,18894,18894,0
11/30/2021,Stevens,Passenger,54,43,97,30322,30419,0.32
11/30/2021,Stevens,Truck,0,0,0,18926,18926,0
12/31/2021,Stevens,Passenger,55,44,99,30297,30396,0.33
12/31/2021,Stevens,Truck,0,0,0,18942,18942,0
1/31/2022,Stevens,Truck,0,0,0,18940,18940,0
1/31/2022,Stevens,Passenger,58,47,105,30196,30301,0.35
2/28/2022,Stevens,Truck,0,0,0,18978,18978,0
2/28/2022,Stevens,Passenger,58,47,105,30111,30216,0.35
3/31/2022,Stevens,Truck,0,0,0,19004,19004,0
3/31/2022,Stevens,Passenger,60,50,110,30097,30207,0.36
4/30/2022,Stevens,Passenger,64,52,116,30134,30250,0.38
4/30/2022,Stevens,Truck,0,0,0,18996,18996,0
5/31/2022,Stevens,Passenger,64,54,118,30108,30226,0.39
5/31/2022,Stevens,Truck,0,0,0,18964,18964,0
6/30/2022,Stevens,Truck,0,0,0,18956,18956,0
6/30/2022,Stevens,Passenger,68,54,122,30191,30313,0.4
7/31/2022,Stevens,Truck,1,0,1,18922,18923,0.01
7/31/2022,Stevens,Passenger,72,54,126,30105,30231,0.42
8/31/2022,Stevens,Truck,1,0,1,18937,18938,0.01
8/31/2022,Stevens,Passenger,76,56,132,30083,30215,0.44
9/30/2022,Stevens,Passenger,81,56,137,30113,30250,0.45
9/30/2022,Stevens,Truck,1,0,1,18929,18930,0.01
10/31/2022,Stevens,Passenger,84,56,140,30067,30207,0.46
10/31/2022,Stevens,Truck,2,0,2,18903,18905,0.01
11/30/2022,Stevens,Passenger,88,56,144,30081,30225,0.48
11/30/2022,Stevens,Truck,2,0,2,18866,18868,0.01
12/31/2022,Stevens,Truck,2,0,2,18824,18826,0.01
12/31/2022,Stevens,Passenger,90,56,146,30007,30153,0.48
1/31/2023,Stevens,Truck,2,0,2,18734,18736,0.01
1/31/2023,Stevens,Passenger,96,57,153,29948,30101,0.51
2/28/2023,Stevens,Truck,2,0,2,18714,18716,0.01
2/28/2023,Stevens,Passenger,99,58,157,29898,30055,0.52
3/31/2023,Stevens,Passenger,103,60,163,29686,29849,0.55
3/31/2023,Stevens,Truck,2,0,2,18641,18643,0.01
4/30/2023,Stevens,Passenger,108,62,170,29449,29619,0.57
4/30/2023,Stevens,Truck,1,0,1,18528,18529,0.01
5/31/2023,Stevens,Truck,1,0,1,18285,18286,0.01
5/31/2023,Stevens,Passenger,110,64,174,29105,29279,0.59
1/31/2017,Thurston,Passenger,336,299,635,184973,185608,0.34
1/31/2017,Thurston,Truck,0,0,0,53340,53340,0
2/28/2017,Thurston,Truck,0,0,0,53345,53345,0
2/28/2017,Thurston,Passenger,351,309,660,184911,185571,0.36
3/31/2017,Thurston,Truck,0,0,0,53299,53299,0
3/31/2017,Thurston,Passenger,365,313,678,185439,186117,0.36
4/30/2017,Thurston,Passenger,385,319,704,185738,186442,0.38
4/30/2017,Thurston,Truck,0,0,0,53256,53256,0
5/31/2017,Thurston,Passenger,390,334,724,186076,186800,0.39
5/31/2017,Thurston,Truck,0,0,0,53244,53244,0
6/30/2017,Thurston,Passenger,398,336,734,186666,187400,0.39
6/30/2017,Thurston,Truck,0,0,0,53297,53297,0
7/31/2017,Thurston,Truck,0,0,0,53298,53298,0
7/31/2017,Thurston,Passenger,418,350,768,187073,187841,0.41
8/31/2017,Thurston,Passenger,421,359,780,187784,188564,0.41
8/31/2017,Thurston,Truck,0,0,0,53430,53430,0
9/30/2017,Thurston,Truck,0,0,0,53501,53501,0
9/30/2017,Thurston,Passenger,435,363,798,188256,189054,0.42
10/31/2017,Thurston,Truck,0,0,0,53577,53577,0
10/31/2017,Thurston,Passenger,442,371,813,188875,189688,0.43
11/30/2017,Thurston,Truck,0,0,0,53688,53688,0
11/30/2017,Thurston,Passenger,457,380,837,189514,190351,0.44
12/31/2017,Thurston,Truck,0,0,0,53757,53757,0
12/31/2017,Thurston,Passenger,470,391,861,190051,190912,0.45
1/31/2018,Thurston,Truck,0,0,0,53890,53890,0
1/31/2018,Thurston,Passenger,487,407,894,190673,191567,0.47
2/28/2018,Thurston,Truck,0,0,0,53916,53916,0
2/28/2018,Thurston,Passenger,492,414,906,190762,191668,0.47
3/31/2018,Thurston,Truck,0,0,0,54004,54004,0
3/31/2018,Thurston,Passenger,518,432,950,191162,192112,0.49
4/30/2018,Thurston,Passenger,523,444,967,191804,192771,0.5
4/30/2018,Thurston,Truck,0,0,0,54061,54061,0
5/31/2018,Thurston,Passenger,548,468,1016,192392,193408,0.53
5/31/2018,Thurston,Truck,0,0,0,54195,54195,0
6/30/2018,Thurston,Passenger,572,481,1053,193041,194094,0.54
6/30/2018,Thurston,Truck,0,0,0,54320,54320,0
7/31/2018,Thurston,Truck,0,0,0,54407,54407,0
7/31/2018,Thurston,Passenger,577,497,1074,193766,194840,0.55
8/31/2018,Thurston,Passenger,603,517,1120,194273,195393,0.57
8/31/2018,Thurston,Truck,0,0,0,54557,54557,0
9/30/2018,Thurston,Passenger,621,527,1148,194623,195771,0.59
9/30/2018,Thurston,Truck,0,0,0,54635,54635,0
10/31/2018,Thurston,Passenger,663,552,1215,195090,196305,0.62
10/31/2018,Thurston,Truck,0,0,0,54799,54799,0
11/30/2018,Thurston,Passenger,707,567,1274,195474,196748,0.65
11/30/2018,Thurston,Truck,0,0,0,54920,54920,0
12/31/2018,Thurston,Truck,0,0,0,54870,54870,0
12/31/2018,Thurston,Passenger,739,572,1311,195619,196930,0.67
1/31/2019,Thurston,Passenger,771,590,1361,196064,197425,0.69
1/31/2019,Thurston,Truck,0,0,0,54916,54916,0
2/28/2019,Thurston,Truck,0,0,0,54900,54900,0
2/28/2019,Thurston,Passenger,782,594,1376,195910,197286,0.7
3/31/2019,Thurston,Truck,0,0,0,54945,54945,0
3/31/2019,Thurston,Passenger,802,598,1400,196206,197606,0.71
4/30/2019,Thurston,Truck,0,0,0,55019,55019,0
4/30/2019,Thurston,Passenger,821,613,1434,196794,198228,0.72
5/31/2019,Thurston,Passenger,844,630,1474,197163,198637,0.74
5/31/2019,Thurston,Truck,0,0,0,55079,55079,0
6/30/2019,Thurston,Passenger,875,639,1514,197729,199243,0.76
6/30/2019,Thurston,Truck,0,0,0,55121,55121,0
7/31/2019,Thurston,Passenger,905,652,1557,198196,199753,0.78
7/31/2019,Thurston,Truck,0,0,0,55258,55258,0
8/31/2019,Thurston,Truck,0,0,0,55440,55440,0
8/31/2019,Thurston,Passenger,927,660,1587,198400,199987,0.79
9/30/2019,Thurston,Passenger,953,671,1624,198626,200250,0.81
9/30/2019,Thurston,Truck,0,0,0,55541,55541,0
10/31/2019,Thurston,Passenger,1005,685,1690,199137,200827,0.84
10/31/2019,Thurston,Truck,0,0,0,55645,55645,0
11/30/2019,Thurston,Passenger,1035,699,1734,199155,200889,0.86
11/30/2019,Thurston,Truck,0,0,0,55656,55656,0
12/31/2019,Thurston,Truck,0,0,0,55730,55730,0
12/31/2019,Thurston,Passenger,1052,700,1752,199262,201014,0.87
1/31/2020,Thurston,Truck,0,0,0,55765,55765,0
1/31/2020,Thurston,Passenger,1093,718,1811,199323,201134,0.9
2/29/2020,Thurston,Truck,0,0,0,55721,55721,0
2/29/2020,Thurston,Passenger,1109,724,1833,199007,200840,0.91
3/31/2020,Thurston,Passenger,1131,727,1858,198639,200497,0.93
3/31/2020,Thurston,Truck,0,0,0,55684,55684,0
4/30/2020,Thurston,Truck,0,0,0,55501,55501,0
4/30/2020,Thurston,Passenger,1141,729,1870,197518,199388,0.94
5/31/2020,Thurston,Passenger,1136,732,1868,196847,198715,0.94
5/31/2020,Thurston,Truck,0,0,0,55499,55499,0
6/30/2020,Thurston,Truck,0,0,0,55745,55745,0
6/30/2020,Thurston,Passenger,1144,735,1879,196927,198806,0.95
7/31/2020,Thurston,Passenger,1176,743,1919,197187,199106,0.96
7/31/2020,Thurston,Truck,0,0,0,55899,55899,0
8/31/2020,Thurston,Passenger,1195,752,1947,197139,199086,0.98
8/31/2020,Thurston,Truck,0,0,0,55982,55982,0
9/30/2020,Thurston,Truck,0,0,0,56141,56141,0
9/30/2020,Thurston,Passenger,1212,752,1964,197255,199219,0.99
10/31/2020,Thurston,Truck,0,0,0,56314,56314,0
10/31/2020,Thurston,Passenger,1255,761,2016,197329,199345,1.01
11/30/2020,Thurston,Passenger,1291,763,2054,197253,199307,1.03
11/30/2020,Thurston,Truck,0,0,0,56300,56300,0
12/31/2020,Thurston,Passenger,1322,780,2102,197433,199535,1.05
12/31/2020,Thurston,Truck,0,0,0,56410,56410,0
1/31/2021,Thurston,Passenger,1351,796,2147,197483,199630,1.08
1/31/2021,Thurston,Truck,0,0,0,56469,56469,0
2/28/2021,Thurston,Truck,0,0,0,56466,56466,0
2/28/2021,Thurston,Passenger,1383,811,2194,197265,199459,1.1
3/31/2021,Thurston,Truck,0,0,0,56551,56551,0
3/31/2021,Thurston,Passenger,1432,825,2257,197498,199755,1.13
4/30/2021,Thurston,Passenger,1494,835,2329,198125,200454,1.16
4/30/2021,Thurston,Truck,0,0,0,56734,56734,0
5/31/2021,Thurston,Passenger,1543,853,2396,198149,200545,1.19
5/31/2021,Thurston,Truck,0,0,0,56658,56658,0
6/30/2021,Thurston,Passenger,1585,873,2458,198190,200648,1.23
6/30/2021,Thurston,Truck,0,0,0,56598,56598,0
7/31/2021,Thurston,Passenger,1660,893,2553,197917,200470,1.27
7/31/2021,Thurston,Truck,0,0,0,56526,56526,0
8/31/2021,Thurston,Passenger,1715,907,2622,197854,200476,1.31
8/31/2021,Thurston,Truck,0,0,0,56442,56442,0
9/30/2021,Thurston,Truck,0,0,0,56368,56368,0
9/30/2021,Thurston,Passenger,1751,909,2660,197625,200285,1.33
10/31/2021,Thurston,Passenger,1803,922,2725,197328,200053,1.36
10/31/2021,Thurston,Truck,0,0,0,56214,56214,0
11/30/2021,Thurston,Passenger,1846,950,2796,197212,200008,1.4
11/30/2021,Thurston,Truck,0,0,0,56196,56196,0
12/31/2021,Thurston,Truck,0,0,0,56084,56084,0
12/31/2021,Thurston,Passenger,1868,965,2833,196912,199745,1.42
1/31/2022,Thurston,Passenger,1921,974,2895,196571,199466,1.45
1/31/2022,Thurston,Truck,3,0,3,55952,55955,0.01
2/28/2022,Thurston,Passenger,1971,991,2962,196133,199095,1.49
2/28/2022,Thurston,Truck,3,0,3,55871,55874,0.01
3/31/2022,Thurston,Passenger,2029,1001,3030,195543,198573,1.53
3/31/2022,Thurston,Truck,3,0,3,55766,55769,0.01
4/30/2022,Thurston,Truck,3,0,3,55616,55619,0.01
4/30/2022,Thurston,Passenger,2075,1016,3091,195115,198206,1.56
5/31/2022,Thurston,Truck,4,0,4,55476,55480,0.01
5/31/2022,Thurston,Passenger,2129,1029,3158,194622,197780,1.6
6/30/2022,Thurston,Passenger,2184,1056,3240,194558,197798,1.64
6/30/2022,Thurston,Truck,7,0,7,55541,55548,0.01
7/31/2022,Thurston,Truck,8,0,8,55392,55400,0.01
7/31/2022,Thurston,Passenger,2244,1067,3311,193770,197081,1.68
8/31/2022,Thurston,Passenger,2328,1088,3416,193336,196752,1.74
8/31/2022,Thurston,Truck,17,0,17,55191,55208,0.03
9/30/2022,Thurston,Passenger,2383,1104,3487,193058,196545,1.77
9/30/2022,Thurston,Truck,21,0,21,55078,55099,0.04
10/31/2022,Thurston,Passenger,2470,1111,3581,192822,196403,1.82
10/31/2022,Thurston,Truck,30,0,30,54908,54938,0.05
11/30/2022,Thurston,Passenger,2556,1117,3673,192566,196239,1.87
11/30/2022,Thurston,Truck,34,0,34,54753,54787,0.06
12/31/2022,Thurston,Passenger,2630,1133,3763,192123,195886,1.92
12/31/2022,Thurston,Truck,38,0,38,54610,54648,0.07
1/31/2023,Thurston,Truck,42,0,42,54467,54509,0.08
1/31/2023,Thurston,Passenger,2703,1141,3844,191633,195477,1.97
2/28/2023,Thurston,Passenger,2772,1150,3922,190882,194804,2.01
2/28/2023,Thurston,Truck,49,0,49,54268,54317,0.09
3/31/2023,Thurston,Truck,52,0,52,53866,53918,0.1
3/31/2023,Thurston,Passenger,2830,1173,4003,189698,193701,2.07
4/30/2023,Thurston,Truck,55,0,55,53323,53378,0.1
4/30/2023,Thurston,Passenger,2913,1179,4092,188454,192546,2.13
5/31/2023,Thurston,Passenger,3004,1191,4195,186059,190254,2.2
5/31/2023,Thurston,Truck,57,0,57,52539,52596,0.11
1/31/2017,Wahkiakum,Truck,0,0,0,1624,1624,0
1/31/2017,Wahkiakum,Passenger,0,1,1,2861,2862,0.03
2/28/2017,Wahkiakum,Passenger,0,1,1,2843,2844,0.04
2/28/2017,Wahkiakum,Truck,0,0,0,1625,1625,0
3/31/2017,Wahkiakum,Passenger,0,2,2,2849,2851,0.07
3/31/2017,Wahkiakum,Truck,0,0,0,1635,1635,0
4/30/2017,Wahkiakum,Truck,0,0,0,1631,1631,0
4/30/2017,Wahkiakum,Passenger,0,2,2,2848,2850,0.07
5/31/2017,Wahkiakum,Passenger,0,2,2,2837,2839,0.07
5/31/2017,Wahkiakum,Truck,0,0,0,1643,1643,0
6/30/2017,Wahkiakum,Truck,0,0,0,1644,1644,0
6/30/2017,Wahkiakum,Passenger,0,2,2,2832,2834,0.07
7/31/2017,Wahkiakum,Truck,0,0,0,1659,1659,0
7/31/2017,Wahkiakum,Passenger,0,2,2,2836,2838,0.07
8/31/2017,Wahkiakum,Passenger,0,2,2,2834,2836,0.07
8/31/2017,Wahkiakum,Truck,0,0,0,1655,1655,0
9/30/2017,Wahkiakum,Truck,0,0,0,1667,1667,0
9/30/2017,Wahkiakum,Passenger,0,2,2,2836,2838,0.07
10/31/2017,Wahkiakum,Truck,0,0,0,1672,1672,0
10/31/2017,Wahkiakum,Passenger,0,2,2,2849,2851,0.07
11/30/2017,Wahkiakum,Passenger,0,2,2,2868,2870,0.07
11/30/2017,Wahkiakum,Truck,0,0,0,1661,1661,0
12/31/2017,Wahkiakum,Passenger,0,2,2,2860,2862,0.07
12/31/2017,Wahkiakum,Truck,0,0,0,1670,1670,0
1/31/2018,Wahkiakum,Passenger,0,2,2,2844,2846,0.07
1/31/2018,Wahkiakum,Truck,0,0,0,1681,1681,0
2/28/2018,Wahkiakum,Passenger,0,2,2,2860,2862,0.07
2/28/2018,Wahkiakum,Truck,0,0,0,1673,1673,0
3/31/2018,Wahkiakum,Truck,0,0,0,1668,1668,0
3/31/2018,Wahkiakum,Passenger,1,2,3,2871,2874,0.1
4/30/2018,Wahkiakum,Truck,0,0,0,1668,1668,0
4/30/2018,Wahkiakum,Passenger,1,3,4,2887,2891,0.14
5/31/2018,Wahkiakum,Passenger,1,2,3,2901,2904,0.1
5/31/2018,Wahkiakum,Truck,0,0,0,1674,1674,0
6/30/2018,Wahkiakum,Passenger,1,2,3,2915,2918,0.1
6/30/2018,Wahkiakum,Truck,0,0,0,1675,1675,0
7/31/2018,Wahkiakum,Passenger,1,1,2,2938,2940,0.07
7/31/2018,Wahkiakum,Truck,0,0,0,1681,1681,0
8/31/2018,Wahkiakum,Passenger,1,1,2,2961,2963,0.07
8/31/2018,Wahkiakum,Truck,0,0,0,1691,1691,0
9/30/2018,Wahkiakum,Truck,0,0,0,1691,1691,0
9/30/2018,Wahkiakum,Passenger,1,1,2,2980,2982,0.07
10/31/2018,Wahkiakum,Passenger,1,1,2,2984,2986,0.07
10/31/2018,Wahkiakum,Truck,0,0,0,1701,1701,0
11/30/2018,Wahkiakum,Passenger,1,1,2,2984,2986,0.07
11/30/2018,Wahkiakum,Truck,0,0,0,1704,1704,0
12/31/2018,Wahkiakum,Truck,0,0,0,1722,1722,0
12/31/2018,Wahkiakum,Passenger,1,1,2,2979,2981,0.07
1/31/2019,Wahkiakum,Passenger,1,1,2,3006,3008,0.07
1/31/2019,Wahkiakum,Truck,0,0,0,1711,1711,0
2/28/2019,Wahkiakum,Passenger,1,1,2,3021,3023,0.07
2/28/2019,Wahkiakum,Truck,0,0,0,1720,1720,0
3/31/2019,Wahkiakum,Passenger,1,1,2,3009,3011,0.07
3/31/2019,Wahkiakum,Truck,0,0,0,1725,1725,0
4/30/2019,Wahkiakum,Truck,0,0,0,1733,1733,0
4/30/2019,Wahkiakum,Passenger,1,1,2,3015,3017,0.07
5/31/2019,Wahkiakum,Truck,0,0,0,1743,1743,0
5/31/2019,Wahkiakum,Passenger,2,2,4,3018,3022,0.13
6/30/2019,Wahkiakum,Passenger,2,2,4,3010,3014,0.13
6/30/2019,Wahkiakum,Truck,0,0,0,1755,1755,0
7/31/2019,Wahkiakum,Passenger,2,2,4,3008,3012,0.13
7/31/2019,Wahkiakum,Truck,0,0,0,1761,1761,0
8/31/2019,Wahkiakum,Truck,0,0,0,1763,1763,0
8/31/2019,Wahkiakum,Passenger,2,2,4,3027,3031,0.13
9/30/2019,Wahkiakum,Truck,0,0,0,1760,1760,0
9/30/2019,Wahkiakum,Passenger,2,3,5,3050,3055,0.16
10/31/2019,Wahkiakum,Truck,0,0,0,1752,1752,0
10/31/2019,Wahkiakum,Passenger,4,3,7,3050,3057,0.23
11/30/2019,Wahkiakum,Truck,0,0,0,1752,1752,0
11/30/2019,Wahkiakum,Passenger,4,3,7,3038,3045,0.23
12/31/2019,Wahkiakum,Passenger,4,3,7,3042,3049,0.23
12/31/2019,Wahkiakum,Truck,0,0,0,1754,1754,0
1/31/2020,Wahkiakum,Truck,0,0,0,1759,1759,0
1/31/2020,Wahkiakum,Passenger,4,5,9,3035,3044,0.3
2/29/2020,Wahkiakum,Passenger,5,5,10,3017,3027,0.33
2/29/2020,Wahkiakum,Truck,0,0,0,1762,1762,0
3/31/2020,Wahkiakum,Passenger,6,5,11,3006,3017,0.36
3/31/2020,Wahkiakum,Truck,0,0,0,1760,1760,0
4/30/2020,Wahkiakum,Truck,0,0,0,1760,1760,0
4/30/2020,Wahkiakum,Passenger,6,5,11,2973,2984,0.37
5/31/2020,Wahkiakum,Passenger,6,6,12,2965,2977,0.4
5/31/2020,Wahkiakum,Truck,0,0,0,1759,1759,0
6/30/2020,Wahkiakum,Passenger,6,6,12,2991,3003,0.4
6/30/2020,Wahkiakum,Truck,0,0,0,1737,1737,0
7/31/2020,Wahkiakum,Truck,0,0,0,1742,1742,0
7/31/2020,Wahkiakum,Passenger,6,6,12,3001,3013,0.4
8/31/2020,Wahkiakum,Passenger,6,6,12,3028,3040,0.39
8/31/2020,Wahkiakum,Truck,0,0,0,1745,1745,0
9/30/2020,Wahkiakum,Truck,0,0,0,1759,1759,0
9/30/2020,Wahkiakum,Passenger,6,6,12,3016,3028,0.4
10/31/2020,Wahkiakum,Truck,0,0,0,1764,1764,0
10/31/2020,Wahkiakum,Passenger,6,6,12,3035,3047,0.39
11/30/2020,Wahkiakum,Passenger,6,6,12,3039,3051,0.39
11/30/2020,Wahkiakum,Truck,0,0,0,1766,1766,0
12/31/2020,Wahkiakum,Passenger,6,7,13,3036,3049,0.43
12/31/2020,Wahkiakum,Truck,0,0,0,1770,1770,0
1/31/2021,Wahkiakum,Truck,0,0,0,1769,1769,0
1/31/2021,Wahkiakum,Passenger,7,6,13,3040,3053,0.43
2/28/2021,Wahkiakum,Passenger,8,6,14,3045,3059,0.46
2/28/2021,Wahkiakum,Truck,0,0,0,1782,1782,0
3/31/2021,Wahkiakum,Truck,0,0,0,1788,1788,0
3/31/2021,Wahkiakum,Passenger,9,7,16,3083,3099,0.52
4/30/2021,Wahkiakum,Passenger,11,6,17,3113,3130,0.54
4/30/2021,Wahkiakum,Truck,0,0,0,1806,1806,0
5/31/2021,Wahkiakum,Passenger,13,7,20,3113,3133,0.64
5/31/2021,Wahkiakum,Truck,0,0,0,1799,1799,0
6/30/2021,Wahkiakum,Truck,0,0,0,1797,1797,0
6/30/2021,Wahkiakum,Passenger,15,8,23,3109,3132,0.73
7/31/2021,Wahkiakum,Passenger,15,8,23,3091,3114,0.74
7/31/2021,Wahkiakum,Truck,0,0,0,1794,1794,0
8/31/2021,Wahkiakum,Passenger,16,8,24,3079,3103,0.77
8/31/2021,Wahkiakum,Truck,0,0,0,1802,1802,0
9/30/2021,Wahkiakum,Truck,0,0,0,1816,1816,0
9/30/2021,Wahkiakum,Passenger,16,8,24,3071,3095,0.78
10/31/2021,Wahkiakum,Truck,0,0,0,1828,1828,0
10/31/2021,Wahkiakum,Passenger,17,8,25,3065,3090,0.81
11/30/2021,Wahkiakum,Passenger,17,10,27,3091,3118,0.87
11/30/2021,Wahkiakum,Truck,0,0,0,1818,1818,0
12/31/2021,Wahkiakum,Truck,0,0,0,1825,1825,0
12/31/2021,Wahkiakum,Passenger,17,10,27,3082,3109,0.87
1/31/2022,Wahkiakum,Passenger,17,11,28,3075,3103,0.9
1/31/2022,Wahkiakum,Truck,0,0,0,1817,1817,0
2/28/2022,Wahkiakum,Truck,0,0,0,1816,1816,0
2/28/2022,Wahkiakum,Passenger,17,11,28,3096,3124,0.9
3/31/2022,Wahkiakum,Passenger,18,11,29,3078,3107,0.93
3/31/2022,Wahkiakum,Truck,0,0,0,1815,1815,0
4/30/2022,Wahkiakum,Truck,0,0,0,1818,1818,0
4/30/2022,Wahkiakum,Passenger,20,11,31,3080,3111,1
5/31/2022,Wahkiakum,Truck,0,0,0,1806,1806,0
5/31/2022,Wahkiakum,Passenger,22,10,32,3087,3119,1.03
6/30/2022,Wahkiakum,Passenger,23,11,34,3074,3108,1.09
6/30/2022,Wahkiakum,Truck,0,0,0,1806,1806,0
7/31/2022,Wahkiakum,Passenger,24,12,36,3073,3109,1.16
7/31/2022,Wahkiakum,Truck,0,0,0,1803,1803,0
8/31/2022,Wahkiakum,Passenger,24,12,36,3080,3116,1.16
8/31/2022,Wahkiakum,Truck,1,0,1,1802,1803,0.06
9/30/2022,Wahkiakum,Truck,1,0,1,1802,1803,0.06
9/30/2022,Wahkiakum,Passenger,25,12,37,3077,3114,1.19
10/31/2022,Wahkiakum,Truck,1,0,1,1800,1801,0.06
10/31/2022,Wahkiakum,Passenger,25,12,37,3062,3099,1.19
11/30/2022,Wahkiakum,Passenger,26,13,39,3044,3083,1.27
11/30/2022,Wahkiakum,Truck,1,0,1,1803,1804,0.06
12/31/2022,Wahkiakum,Passenger,27,13,40,3037,3077,1.3
12/31/2022,Wahkiakum,Truck,1,0,1,1788,1789,0.06
1/31/2023,Wahkiakum,Truck,1,0,1,1787,1788,0.06
1/31/2023,Wahkiakum,Passenger,26,15,41,3051,3092,1.33
2/28/2023,Wahkiakum,Passenger,27,15,42,3038,3080,1.36
2/28/2023,Wahkiakum,Truck,1,0,1,1784,1785,0.06
3/31/2023,Wahkiakum,Truck,2,0,2,1770,1772,0.11
3/31/2023,Wahkiakum,Passenger,26,16,42,3044,3086,1.36
4/30/2023,Wahkiakum,Passenger,27,16,43,3015,3058,1.41
4/30/2023,Wahkiakum,Truck,2,0,2,1761,1763,0.11
5/31/2023,Wahkiakum,Passenger,26,17,43,2964,3007,1.43
5/31/2023,Wahkiakum,Truck,2,0,2,1717,1719,0.12
1/31/2017,Walla Walla,Passenger,16,21,37,34864,34901,0.11
1/31/2017,Walla Walla,Truck,0,0,0,13169,13169,0
2/28/2017,Walla Walla,Passenger,17,21,38,34781,34819,0.11
2/28/2017,Walla Walla,Truck,0,0,0,13162,13162,0
3/31/2017,Walla Walla,Passenger,20,22,42,34820,34862,0.12
3/31/2017,Walla Walla,Truck,0,0,0,13187,13187,0
4/30/2017,Walla Walla,Truck,0,0,0,13177,13177,0
4/30/2017,Walla Walla,Passenger,22,24,46,34827,34873,0.13
5/31/2017,Walla Walla,Passenger,23,24,47,34852,34899,0.13
5/31/2017,Walla Walla,Truck,0,0,0,13189,13189,0
6/30/2017,Walla Walla,Truck,0,0,0,13205,13205,0
6/30/2017,Walla Walla,Passenger,25,26,51,34842,34893,0.15
7/31/2017,Walla Walla,Truck,0,0,0,13177,13177,0
7/31/2017,Walla Walla,Passenger,27,26,53,34885,34938,0.15
8/31/2017,Walla Walla,Truck,0,0,0,13188,13188,0
8/31/2017,Walla Walla,Passenger,27,27,54,34980,35034,0.15
9/30/2017,Walla Walla,Truck,0,0,0,13243,13243,0
9/30/2017,Walla Walla,Passenger,27,28,55,35035,35090,0.16
10/31/2017,Walla Walla,Passenger,28,28,56,35146,35202,0.16
10/31/2017,Walla Walla,Truck,0,0,0,13257,13257,0
11/30/2017,Walla Walla,Passenger,29,31,60,35238,35298,0.17
11/30/2017,Walla Walla,Truck,0,0,0,13313,13313,0
12/31/2017,Walla Walla,Truck,0,0,0,13293,13293,0
12/31/2017,Walla Walla,Passenger,29,32,61,35286,35347,0.17
1/31/2018,Walla Walla,Truck,0,0,0,13324,13324,0
1/31/2018,Walla Walla,Passenger,30,33,63,35374,35437,0.18
2/28/2018,Walla Walla,Truck,0,0,0,13324,13324,0
2/28/2018,Walla Walla,Passenger,31,35,66,35388,35454,0.19
3/31/2018,Walla Walla,Truck,0,0,0,13312,13312,0
3/31/2018,Walla Walla,Passenger,32,36,68,35464,35532,0.19
4/30/2018,Walla Walla,Passenger,34,40,74,35457,35531,0.21
4/30/2018,Walla Walla,Truck,0,0,0,13333,13333,0
5/31/2018,Walla Walla,Passenger,34,42,76,35572,35648,0.21
5/31/2018,Walla Walla,Truck,0,0,0,13390,13390,0
6/30/2018,Walla Walla,Truck,0,0,0,13417,13417,0
6/30/2018,Walla Walla,Passenger,34,43,77,35663,35740,0.22
7/31/2018,Walla Walla,Passenger,34,44,78,35742,35820,0.22
7/31/2018,Walla Walla,Truck,0,0,0,13468,13468,0
8/31/2018,Walla Walla,Passenger,34,48,82,35876,35958,0.23
8/31/2018,Walla Walla,Truck,0,0,0,13498,13498,0
9/30/2018,Walla Walla,Truck,0,0,0,13493,13493,0
9/30/2018,Walla Walla,Passenger,36,50,86,35929,36015,0.24
10/31/2018,Walla Walla,Passenger,36,50,86,35998,36084,0.24
10/31/2018,Walla Walla,Truck,0,0,0,13508,13508,0
11/30/2018,Walla Walla,Passenger,38,52,90,36096,36186,0.25
11/30/2018,Walla Walla,Truck,0,0,0,13519,13519,0
12/31/2018,Walla Walla,Truck,0,0,0,13524,13524,0
12/31/2018,Walla Walla,Passenger,41,52,93,36101,36194,0.26
1/31/2019,Walla Walla,Truck,0,0,0,13537,13537,0
1/31/2019,Walla Walla,Passenger,42,54,96,36142,36238,0.26
2/28/2019,Walla Walla,Truck,0,0,0,13545,13545,0
2/28/2019,Walla Walla,Passenger,43,54,97,36070,36167,0.27
3/31/2019,Walla Walla,Passenger,44,56,100,36071,36171,0.28
3/31/2019,Walla Walla,Truck,0,0,0,13554,13554,0
4/30/2019,Walla Walla,Truck,0,0,0,13605,13605,0
4/30/2019,Walla Walla,Passenger,46,57,103,36141,36244,0.28
5/31/2019,Walla Walla,Truck,0,0,0,13615,13615,0
5/31/2019,Walla Walla,Passenger,46,57,103,36168,36271,0.28
6/30/2019,Walla Walla,Truck,0,0,0,13595,13595,0
6/30/2019,Walla Walla,Passenger,49,61,110,36191,36301,0.3
7/31/2019,Walla Walla,Passenger,52,61,113,36214,36327,0.31
7/31/2019,Walla Walla,Truck,0,0,0,13619,13619,0
8/31/2019,Walla Walla,Truck,0,0,0,13654,13654,0
8/31/2019,Walla Walla,Passenger,56,63,119,36237,36356,0.33
9/30/2019,Walla Walla,Passenger,59,63,122,36259,36381,0.34
9/30/2019,Walla Walla,Truck,0,0,0,13689,13689,0
10/31/2019,Walla Walla,Truck,0,0,0,13671,13671,0
10/31/2019,Walla Walla,Passenger,62,62,124,36331,36455,0.34
11/30/2019,Walla Walla,Truck,0,0,0,13674,13674,0
11/30/2019,Walla Walla,Passenger,64,61,125,36287,36412,0.34
12/31/2019,Walla Walla,Passenger,63,60,123,36311,36434,0.34
12/31/2019,Walla Walla,Truck,0,0,0,13664,13664,0
1/31/2020,Walla Walla,Passenger,65,61,126,36356,36482,0.35
1/31/2020,Walla Walla,Truck,0,0,0,13709,13709,0
2/29/2020,Walla Walla,Passenger,68,62,130,36317,36447,0.36
2/29/2020,Walla Walla,Truck,0,0,0,13700,13700,0
3/31/2020,Walla Walla,Passenger,68,63,131,36240,36371,0.36
3/31/2020,Walla Walla,Truck,0,0,0,13647,13647,0
4/30/2020,Walla Walla,Truck,0,0,0,13622,13622,0
4/30/2020,Walla Walla,Passenger,69,63,132,36003,36135,0.37
5/31/2020,Walla Walla,Passenger,70,62,132,35822,35954,0.37
5/31/2020,Walla Walla,Truck,0,0,0,13669,13669,0
6/30/2020,Walla Walla,Passenger,73,62,135,35833,35968,0.38
6/30/2020,Walla Walla,Truck,0,0,0,13744,13744,0
7/31/2020,Walla Walla,Passenger,77,65,142,35906,36048,0.39
7/31/2020,Walla Walla,Truck,0,0,0,13753,13753,0
8/31/2020,Walla Walla,Passenger,81,65,146,35892,36038,0.41
8/31/2020,Walla Walla,Truck,0,0,0,13749,13749,0
9/30/2020,Walla Walla,Passenger,86,62,148,35946,36094,0.41
9/30/2020,Walla Walla,Truck,0,0,0,13790,13790,0
10/31/2020,Walla Walla,Truck,0,0,0,13798,13798,0
10/31/2020,Walla Walla,Passenger,86,65,151,36018,36169,0.42
11/30/2020,Walla Walla,Passenger,95,66,161,36071,36232,0.44
11/30/2020,Walla Walla,Truck,0,0,0,13821,13821,0
12/31/2020,Walla Walla,Truck,0,0,0,13872,13872,0
12/31/2020,Walla Walla,Passenger,98,67,165,36140,36305,0.45
1/31/2021,Walla Walla,Passenger,103,68,171,36171,36342,0.47
1/31/2021,Walla Walla,Truck,0,0,0,13899,13899,0
2/28/2021,Walla Walla,Truck,0,0,0,13909,13909,0
2/28/2021,Walla Walla,Passenger,105,69,174,36142,36316,0.48
3/31/2021,Walla Walla,Truck,0,0,0,13968,13968,0
3/31/2021,Walla Walla,Passenger,107,72,179,36295,36474,0.49
4/30/2021,Walla Walla,Passenger,108,71,179,36535,36714,0.49
4/30/2021,Walla Walla,Truck,0,0,0,14050,14050,0
5/31/2021,Walla Walla,Passenger,110,72,182,36564,36746,0.5
5/31/2021,Walla Walla,Truck,0,0,0,14045,14045,0
6/30/2021,Walla Walla,Passenger,113,74,187,36623,36810,0.51
6/30/2021,Walla Walla,Truck,0,0,0,14080,14080,0
7/31/2021,Walla Walla,Passenger,115,76,191,36577,36768,0.52
7/31/2021,Walla Walla,Truck,0,0,0,14059,14059,0
8/31/2021,Walla Walla,Truck,0,0,0,14082,14082,0
8/31/2021,Walla Walla,Passenger,121,82,203,36488,36691,0.55
9/30/2021,Walla Walla,Truck,0,0,0,14077,14077,0
9/30/2021,Walla Walla,Passenger,128,82,210,36447,36657,0.57
10/31/2021,Walla Walla,Passenger,132,82,214,36369,36583,0.58
10/31/2021,Walla Walla,Truck,0,0,0,14051,14051,0
11/30/2021,Walla Walla,Passenger,137,85,222,36402,36624,0.61
11/30/2021,Walla Walla,Truck,0,0,0,14079,14079,0
12/31/2021,Walla Walla,Passenger,143,87,230,36386,36616,0.63
12/31/2021,Walla Walla,Truck,0,0,0,14091,14091,0
1/31/2022,Walla Walla,Passenger,146,89,235,36297,36532,0.64
1/31/2022,Walla Walla,Truck,0,0,0,14105,14105,0
2/28/2022,Walla Walla,Truck,0,0,0,14073,14073,0
2/28/2022,Walla Walla,Passenger,152,91,243,36239,36482,0.67
3/31/2022,Walla Walla,Passenger,157,91,248,36124,36372,0.68
3/31/2022,Walla Walla,Truck,0,0,0,14031,14031,0
4/30/2022,Walla Walla,Passenger,163,92,255,36047,36302,0.7
4/30/2022,Walla Walla,Truck,0,0,0,14018,14018,0
5/31/2022,Walla Walla,Truck,0,0,0,13969,13969,0
5/31/2022,Walla Walla,Passenger,171,97,268,35982,36250,0.74
6/30/2022,Walla Walla,Passenger,172,101,273,35920,36193,0.75
6/30/2022,Walla Walla,Truck,0,0,0,13935,13935,0
7/31/2022,Walla Walla,Truck,1,0,1,13921,13922,0.01
7/31/2022,Walla Walla,Passenger,175,99,274,35838,36112,0.76
8/31/2022,Walla Walla,Passenger,179,104,283,35830,36113,0.78
8/31/2022,Walla Walla,Truck,2,0,2,13919,13921,0.01
9/30/2022,Walla Walla,Passenger,187,105,292,35836,36128,0.81
9/30/2022,Walla Walla,Truck,2,0,2,13945,13947,0.01
10/31/2022,Walla Walla,Truck,3,0,3,13941,13944,0.02
10/31/2022,Walla Walla,Passenger,190,107,297,35709,36006,0.82
11/30/2022,Walla Walla,Passenger,202,108,310,35683,35993,0.86
11/30/2022,Walla Walla,Truck,3,0,3,13897,13900,0.02
12/31/2022,Walla Walla,Passenger,202,106,308,35643,35951,0.86
12/31/2022,Walla Walla,Truck,3,0,3,13847,13850,0.02
1/31/2023,Walla Walla,Truck,3,0,3,13824,13827,0.02
1/31/2023,Walla Walla,Passenger,204,107,311,35654,35965,0.86
2/28/2023,Walla Walla,Truck,3,0,3,13758,13761,0.02
2/28/2023,Walla Walla,Passenger,207,109,316,35523,35839,0.88
3/31/2023,Walla Walla,Truck,5,0,5,13674,13679,0.04
3/31/2023,Walla Walla,Passenger,210,112,322,35225,35547,0.91
4/30/2023,Walla Walla,Passenger,214,115,329,34972,35301,0.93
4/30/2023,Walla Walla,Truck,5,0,5,13554,13559,0.04
5/31/2023,Walla Walla,Passenger,215,115,330,34574,34904,0.95
5/31/2023,Walla Walla,Truck,5,0,5,13422,13427,0.04
1/31/2017,Whatcom,Passenger,383,141,524,141888,142412,0.37
1/31/2017,Whatcom,Truck,2,0,2,41337,41339,0
2/28/2017,Whatcom,Truck,2,0,2,41328,41330,0
2/28/2017,Whatcom,Passenger,401,146,547,141891,142438,0.38
3/31/2017,Whatcom,Passenger,416,156,572,142239,142811,0.4
3/31/2017,Whatcom,Truck,2,0,2,41396,41398,0
4/30/2017,Whatcom,Passenger,441,159,600,142464,143064,0.42
4/30/2017,Whatcom,Truck,2,0,2,41450,41452,0
5/31/2017,Whatcom,Truck,2,0,2,41519,41521,0
5/31/2017,Whatcom,Passenger,455,167,622,142690,143312,0.43
6/30/2017,Whatcom,Passenger,462,175,637,143065,143702,0.44
6/30/2017,Whatcom,Truck,2,0,2,41620,41622,0
7/31/2017,Whatcom,Passenger,474,179,653,143190,143843,0.45
7/31/2017,Whatcom,Truck,2,0,2,41661,41663,0
8/31/2017,Whatcom,Truck,2,0,2,41764,41766,0
8/31/2017,Whatcom,Passenger,481,182,663,143563,144226,0.46
9/30/2017,Whatcom,Passenger,496,190,686,143859,144545,0.47
9/30/2017,Whatcom,Truck,2,0,2,41837,41839,0
10/31/2017,Whatcom,Passenger,510,202,712,144316,145028,0.49
10/31/2017,Whatcom,Truck,2,0,2,41876,41878,0
11/30/2017,Whatcom,Truck,1,0,1,41929,41930,0
11/30/2017,Whatcom,Passenger,524,214,738,144659,145397,0.51
12/31/2017,Whatcom,Passenger,532,227,759,145194,145953,0.52
12/31/2017,Whatcom,Truck,1,0,1,42013,42014,0
1/31/2018,Whatcom,Truck,1,0,1,42066,42067,0
1/31/2018,Whatcom,Passenger,548,238,786,145509,146295,0.54
2/28/2018,Whatcom,Passenger,556,249,805,145577,146382,0.55
2/28/2018,Whatcom,Truck,1,0,1,42035,42036,0
3/31/2018,Whatcom,Passenger,574,260,834,146115,146949,0.57
3/31/2018,Whatcom,Truck,2,0,2,42066,42068,0
4/30/2018,Whatcom,Passenger,593,269,862,146610,147472,0.58
4/30/2018,Whatcom,Truck,2,0,2,42118,42120,0
5/31/2018,Whatcom,Passenger,612,281,893,147196,148089,0.6
5/31/2018,Whatcom,Truck,2,0,2,42188,42190,0
6/30/2018,Whatcom,Truck,2,0,2,42282,42284,0
6/30/2018,Whatcom,Passenger,631,301,932,147658,148590,0.63
7/31/2018,Whatcom,Truck,2,0,2,42311,42313,0
7/31/2018,Whatcom,Passenger,637,318,955,147986,148941,0.64
8/31/2018,Whatcom,Passenger,653,321,974,148268,149242,0.65
8/31/2018,Whatcom,Truck,2,0,2,42391,42393,0
9/30/2018,Whatcom,Passenger,666,335,1001,148507,149508,0.67
9/30/2018,Whatcom,Truck,2,0,2,42431,42433,0
10/31/2018,Whatcom,Passenger,700,341,1041,148811,149852,0.69
10/31/2018,Whatcom,Truck,2,0,2,42553,42555,0
11/30/2018,Whatcom,Passenger,730,355,1085,149139,150224,0.72
11/30/2018,Whatcom,Truck,2,0,2,42654,42656,0
12/31/2018,Whatcom,Passenger,757,371,1128,149451,150579,0.75
12/31/2018,Whatcom,Truck,2,0,2,42663,42665,0
1/31/2019,Whatcom,Passenger,778,375,1153,149714,150867,0.76
1/31/2019,Whatcom,Truck,2,0,2,42739,42741,0
2/28/2019,Whatcom,Truck,2,0,2,42708,42710,0
2/28/2019,Whatcom,Passenger,785,380,1165,149646,150811,0.77
3/31/2019,Whatcom,Passenger,792,386,1178,149752,150930,0.78
3/31/2019,Whatcom,Truck,2,0,2,42726,42728,0
4/30/2019,Whatcom,Truck,2,0,2,42775,42777,0
4/30/2019,Whatcom,Passenger,823,394,1217,150087,151304,0.8
5/31/2019,Whatcom,Passenger,837,413,1250,150445,151695,0.82
5/31/2019,Whatcom,Truck,2,0,2,42826,42828,0
6/30/2019,Whatcom,Truck,2,0,2,42913,42915,0
6/30/2019,Whatcom,Passenger,853,428,1281,150716,151997,0.84
7/31/2019,Whatcom,Passenger,883,436,1319,151120,152439,0.87
7/31/2019,Whatcom,Truck,2,0,2,42932,42934,0
8/31/2019,Whatcom,Passenger,902,450,1352,151218,152570,0.89
8/31/2019,Whatcom,Truck,2,0,2,43002,43004,0
9/30/2019,Whatcom,Passenger,922,460,1382,151342,152724,0.9
9/30/2019,Whatcom,Truck,2,0,2,43034,43036,0
10/31/2019,Whatcom,Passenger,949,470,1419,151483,152902,0.93
10/31/2019,Whatcom,Truck,2,0,2,43098,43100,0
11/30/2019,Whatcom,Truck,2,0,2,43151,43153,0
11/30/2019,Whatcom,Passenger,964,470,1434,151599,153033,0.94
12/31/2019,Whatcom,Truck,2,0,2,43191,43193,0
12/31/2019,Whatcom,Passenger,987,478,1465,151714,153179,0.96
1/31/2020,Whatcom,Passenger,1032,487,1519,151809,153328,0.99
1/31/2020,Whatcom,Truck,3,0,3,43231,43234,0.01
2/29/2020,Whatcom,Passenger,1042,487,1529,151625,153154,1
2/29/2020,Whatcom,Truck,3,0,3,43148,43151,0.01
3/31/2020,Whatcom,Truck,3,0,3,43027,43030,0.01
3/31/2020,Whatcom,Passenger,1057,491,1548,151229,152777,1.01
4/30/2020,Whatcom,Truck,3,0,3,42834,42837,0.01
4/30/2020,Whatcom,Passenger,1058,491,1549,150146,151695,1.02
5/31/2020,Whatcom,Passenger,1060,497,1557,149308,150865,1.03
5/31/2020,Whatcom,Truck,3,0,3,42848,42851,0.01
6/30/2020,Whatcom,Passenger,1064,500,1564,149256,150820,1.04
6/30/2020,Whatcom,Truck,3,0,3,43008,43011,0.01
7/31/2020,Whatcom,Passenger,1091,501,1592,149340,150932,1.05
7/31/2020,Whatcom,Truck,3,0,3,43158,43161,0.01
8/31/2020,Whatcom,Passenger,1111,513,1624,149210,150834,1.08
8/31/2020,Whatcom,Truck,3,0,3,43277,43280,0.01
9/30/2020,Whatcom,Passenger,1140,526,1666,149410,151076,1.1
9/30/2020,Whatcom,Truck,3,0,3,43386,43389,0.01
10/31/2020,Whatcom,Truck,3,0,3,43458,43461,0.01
10/31/2020,Whatcom,Passenger,1169,532,1701,149678,151379,1.12
11/30/2020,Whatcom,Truck,3,0,3,43480,43483,0.01
11/30/2020,Whatcom,Passenger,1203,535,1738,149746,151484,1.15
12/31/2020,Whatcom,Passenger,1218,551,1769,150042,151811,1.17
12/31/2020,Whatcom,Truck,3,0,3,43539,43542,0.01
1/31/2021,Whatcom,Passenger,1253,565,1818,150097,151915,1.2
1/31/2021,Whatcom,Truck,3,0,3,43597,43600,0.01
2/28/2021,Whatcom,Passenger,1277,573,1850,150048,151898,1.22
2/28/2021,Whatcom,Truck,3,0,3,43630,43633,0.01
3/31/2021,Whatcom,Passenger,1298,577,1875,150458,152333,1.23
3/31/2021,Whatcom,Truck,4,0,4,43777,43781,0.01
4/30/2021,Whatcom,Truck,4,0,4,43864,43868,0.01
4/30/2021,Whatcom,Passenger,1355,583,1938,151171,153109,1.27
5/31/2021,Whatcom,Passenger,1386,597,1983,151003,152986,1.3
5/31/2021,Whatcom,Truck,4,0,4,43868,43872,0.01
6/30/2021,Whatcom,Passenger,1419,603,2022,150860,152882,1.32
6/30/2021,Whatcom,Truck,4,0,4,43907,43911,0.01
7/31/2021,Whatcom,Passenger,1475,619,2094,150682,152776,1.37
7/31/2021,Whatcom,Truck,4,0,4,43865,43869,0.01
8/31/2021,Whatcom,Truck,4,0,4,43869,43873,0.01
8/31/2021,Whatcom,Passenger,1520,629,2149,150516,152665,1.41
9/30/2021,Whatcom,Passenger,1540,642,2182,150570,152752,1.43
9/30/2021,Whatcom,Truck,4,0,4,43816,43820,0.01
10/31/2021,Whatcom,Passenger,1581,647,2228,150455,152683,1.46
10/31/2021,Whatcom,Truck,4,0,4,43780,43784,0.01
11/30/2021,Whatcom,Truck,4,0,4,43703,43707,0.01
11/30/2021,Whatcom,Passenger,1611,660,2271,150252,152523,1.49
12/31/2021,Whatcom,Passenger,1643,673,2316,150018,152334,1.52
12/31/2021,Whatcom,Truck,4,0,4,43696,43700,0.01
1/31/2022,Whatcom,Passenger,1665,673,2338,149554,151892,1.54
1/31/2022,Whatcom,Truck,3,0,3,43615,43618,0.01
2/28/2022,Whatcom,Truck,4,0,4,43610,43614,0.01
2/28/2022,Whatcom,Passenger,1690,685,2375,149376,151751,1.57
3/31/2022,Whatcom,Passenger,1735,695,2430,149262,151692,1.6
3/31/2022,Whatcom,Truck,4,0,4,43548,43552,0.01
4/30/2022,Whatcom,Passenger,1775,717,2492,149107,151599,1.64
4/30/2022,Whatcom,Truck,4,0,4,43462,43466,0.01
5/31/2022,Whatcom,Passenger,1799,729,2528,148965,151493,1.67
5/31/2022,Whatcom,Truck,5,0,5,43380,43385,0.01
6/30/2022,Whatcom,Passenger,1814,737,2551,149055,151606,1.68
6/30/2022,Whatcom,Truck,7,0,7,43371,43378,0.02
7/31/2022,Whatcom,Truck,11,0,11,43232,43243,0.03
7/31/2022,Whatcom,Passenger,1863,753,2616,148847,151463,1.73
8/31/2022,Whatcom,Truck,13,0,13,43152,43165,0.03
8/31/2022,Whatcom,Passenger,1912,765,2677,148924,151601,1.77
9/30/2022,Whatcom,Truck,14,0,14,43111,43125,0.03
9/30/2022,Whatcom,Passenger,1948,770,2718,148821,151539,1.79
10/31/2022,Whatcom,Truck,20,0,20,43103,43123,0.05
10/31/2022,Whatcom,Passenger,1990,783,2773,148699,151472,1.83
11/30/2022,Whatcom,Passenger,2049,797,2846,148705,151551,1.88
11/30/2022,Whatcom,Truck,21,0,21,43063,43084,0.05
12/31/2022,Whatcom,Passenger,2105,806,2911,148590,151501,1.92
12/31/2022,Whatcom,Truck,26,0,26,43000,43026,0.06
1/31/2023,Whatcom,Passenger,2150,820,2970,148316,151286,1.96
1/31/2023,Whatcom,Truck,37,0,37,42848,42885,0.09
2/28/2023,Whatcom,Passenger,2211,824,3035,147979,151014,2.01
2/28/2023,Whatcom,Truck,44,0,44,42680,42724,0.1
3/31/2023,Whatcom,Truck,48,0,48,42511,42559,0.11
3/31/2023,Whatcom,Passenger,2256,835,3091,146486,149577,2.07
4/30/2023,Whatcom,Truck,52,0,52,42148,42200,0.12
4/30/2023,Whatcom,Passenger,2309,854,3163,145753,148916,2.12
5/31/2023,Whatcom,Passenger,2351,860,3211,144226,147437,2.18
5/31/2023,Whatcom,Truck,57,0,57,41521,41578,0.14
1/31/2017,Whitman,Truck,0,0,0,8404,8404,0
1/31/2017,Whitman,Passenger,8,19,27,21936,21963,0.12
2/28/2017,Whitman,Passenger,8,18,26,21939,21965,0.12
2/28/2017,Whitman,Truck,0,0,0,8400,8400,0
3/31/2017,Whitman,Passenger,9,18,27,21938,21965,0.12
3/31/2017,Whitman,Truck,0,0,0,8390,8390,0
4/30/2017,Whitman,Passenger,9,19,28,21965,21993,0.13
4/30/2017,Whitman,Truck,0,0,0,8381,8381,0
5/31/2017,Whitman,Passenger,10,20,30,21988,22018,0.14
5/31/2017,Whitman,Truck,0,0,0,8395,8395,0
6/30/2017,Whitman,Truck,0,0,0,8430,8430,0
6/30/2017,Whitman,Passenger,10,20,30,22038,22068,0.14
7/31/2017,Whitman,Passenger,12,19,31,22106,22137,0.14
7/31/2017,Whitman,Truck,0,0,0,8426,8426,0
8/31/2017,Whitman,Truck,0,0,0,8452,8452,0
8/31/2017,Whitman,Passenger,11,22,33,22126,22159,0.15
9/30/2017,Whitman,Truck,0,0,0,8429,8429,0
9/30/2017,Whitman,Passenger,12,22,34,22191,22225,0.15
10/31/2017,Whitman,Truck,0,0,0,8441,8441,0
10/31/2017,Whitman,Passenger,12,20,32,22297,22329,0.14
11/30/2017,Whitman,Truck,0,0,0,8438,8438,0
11/30/2017,Whitman,Passenger,16,19,35,22386,22421,0.16
12/31/2017,Whitman,Passenger,17,20,37,22425,22462,0.16
12/31/2017,Whitman,Truck,0,0,0,8451,8451,0
1/31/2018,Whitman,Passenger,18,20,38,22473,22511,0.17
1/31/2018,Whitman,Truck,0,0,0,8473,8473,0
2/28/2018,Whitman,Truck,0,0,0,8454,8454,0
2/28/2018,Whitman,Passenger,18,21,39,22529,22568,0.17
3/31/2018,Whitman,Passenger,18,23,41,22488,22529,0.18
3/31/2018,Whitman,Truck,0,0,0,8454,8454,0
4/30/2018,Whitman,Truck,0,0,0,8464,8464,0
4/30/2018,Whitman,Passenger,20,24,44,22555,22599,0.19
5/31/2018,Whitman,Truck,0,0,0,8471,8471,0
5/31/2018,Whitman,Passenger,19,27,46,22578,22624,0.2
6/30/2018,Whitman,Passenger,19,28,47,22602,22649,0.21
6/30/2018,Whitman,Truck,0,0,0,8494,8494,0
7/31/2018,Whitman,Truck,0,0,0,8497,8497,0
7/31/2018,Whitman,Passenger,19,28,47,22659,22706,0.21
8/31/2018,Whitman,Passenger,20,30,50,22682,22732,0.22
8/31/2018,Whitman,Truck,0,0,0,8507,8507,0
9/30/2018,Whitman,Passenger,20,32,52,22693,22745,0.23
9/30/2018,Whitman,Truck,0,0,0,8519,8519,0
10/31/2018,Whitman,Passenger,19,33,52,22748,22800,0.23
10/31/2018,Whitman,Truck,0,0,0,8534,8534,0
11/30/2018,Whitman,Truck,0,0,0,8534,8534,0
11/30/2018,Whitman,Passenger,20,35,55,22798,22853,0.24
12/31/2018,Whitman,Passenger,24,38,62,22815,22877,0.27
12/31/2018,Whitman,Truck,0,0,0,8544,8544,0
1/31/2019,Whitman,Truck,0,0,0,8514,8514,0
1/31/2019,Whitman,Passenger,24,40,64,22849,22913,0.28
2/28/2019,Whitman,Passenger,25,40,65,22758,22823,0.28
2/28/2019,Whitman,Truck,0,0,0,8492,8492,0
3/31/2019,Whitman,Passenger,27,41,68,22717,22785,0.3
3/31/2019,Whitman,Truck,0,0,0,8504,8504,0
4/30/2019,Whitman,Truck,0,0,0,8519,8519,0
4/30/2019,Whitman,Passenger,29,45,74,22713,22787,0.32
5/31/2019,Whitman,Passenger,31,45,76,22712,22788,0.33
5/31/2019,Whitman,Truck,0,0,0,8551,8551,0
6/30/2019,Whitman,Truck,0,0,0,8586,8586,0
6/30/2019,Whitman,Passenger,31,46,77,22714,22791,0.34
7/31/2019,Whitman,Truck,0,0,0,8631,8631,0
7/31/2019,Whitman,Passenger,33,45,78,22704,22782,0.34
8/31/2019,Whitman,Passenger,34,44,78,22713,22791,0.34
8/31/2019,Whitman,Truck,0,0,0,8628,8628,0
9/30/2019,Whitman,Passenger,36,45,81,22711,22792,0.36
9/30/2019,Whitman,Truck,0,0,0,8605,8605,0
10/31/2019,Whitman,Truck,0,0,0,8596,8596,0
10/31/2019,Whitman,Passenger,38,45,83,22718,22801,0.36
11/30/2019,Whitman,Passenger,41,46,87,22705,22792,0.38
11/30/2019,Whitman,Truck,0,0,0,8582,8582,0
12/31/2019,Whitman,Passenger,42,46,88,22678,22766,0.39
12/31/2019,Whitman,Truck,0,0,0,8580,8580,0
1/31/2020,Whitman,Passenger,42,48,90,22664,22754,0.4
1/31/2020,Whitman,Truck,0,0,0,8568,8568,0
2/29/2020,Whitman,Passenger,42,48,90,22621,22711,0.4
2/29/2020,Whitman,Truck,0,0,0,8556,8556,0
3/31/2020,Whitman,Passenger,42,46,88,22485,22573,0.39
3/31/2020,Whitman,Truck,0,0,0,8550,8550,0
4/30/2020,Whitman,Truck,0,0,0,8533,8533,0
4/30/2020,Whitman,Passenger,44,48,92,22313,22405,0.41
5/31/2020,Whitman,Truck,0,0,0,8515,8515,0
5/31/2020,Whitman,Passenger,45,48,93,22175,22268,0.42
6/30/2020,Whitman,Truck,0,0,0,8510,8510,0
6/30/2020,Whitman,Passenger,44,48,92,22140,22232,0.41
7/31/2020,Whitman,Passenger,45,49,94,22124,22218,0.42
7/31/2020,Whitman,Truck,0,0,0,8509,8509,0
8/31/2020,Whitman,Passenger,46,48,94,22023,22117,0.43
8/31/2020,Whitman,Truck,0,0,0,8482,8482,0
9/30/2020,Whitman,Passenger,47,47,94,21999,22093,0.43
9/30/2020,Whitman,Truck,0,0,0,8499,8499,0
10/31/2020,Whitman,Passenger,50,46,96,21983,22079,0.43
10/31/2020,Whitman,Truck,0,0,0,8489,8489,0
11/30/2020,Whitman,Passenger,51,44,95,21965,22060,0.43
11/30/2020,Whitman,Truck,0,0,0,8489,8489,0
12/31/2020,Whitman,Truck,0,0,0,8510,8510,0
12/31/2020,Whitman,Passenger,51,44,95,21906,22001,0.43
1/31/2021,Whitman,Passenger,51,46,97,21848,21945,0.44
1/31/2021,Whitman,Truck,0,0,0,8514,8514,0
2/28/2021,Whitman,Passenger,53,46,99,21855,21954,0.45
2/28/2021,Whitman,Truck,0,0,0,8516,8516,0
3/31/2021,Whitman,Passenger,54,44,98,21934,22032,0.44
3/31/2021,Whitman,Truck,0,0,0,8555,8555,0
4/30/2021,Whitman,Truck,0,0,0,8566,8566,0
4/30/2021,Whitman,Passenger,59,44,103,21993,22096,0.47
5/31/2021,Whitman,Passenger,60,44,104,22018,22122,0.47
5/31/2021,Whitman,Truck,0,0,0,8573,8573,0
6/30/2021,Whitman,Passenger,58,47,105,22000,22105,0.48
6/30/2021,Whitman,Truck,0,0,0,8586,8586,0
7/31/2021,Whitman,Passenger,61,49,110,21946,22056,0.5
7/31/2021,Whitman,Truck,0,0,0,8592,8592,0
8/31/2021,Whitman,Truck,0,0,0,8575,8575,0
8/31/2021,Whitman,Passenger,63,52,115,21936,22051,0.52
9/30/2021,Whitman,Passenger,64,56,120,21936,22056,0.54
9/30/2021,Whitman,Truck,0,0,0,8561,8561,0
10/31/2021,Whitman,Truck,0,0,0,8559,8559,0
10/31/2021,Whitman,Passenger,63,58,121,21941,22062,0.55
11/30/2021,Whitman,Truck,0,0,0,8559,8559,0
11/30/2021,Whitman,Passenger,66,58,124,21968,22092,0.56
12/31/2021,Whitman,Passenger,67,59,126,21987,22113,0.57
12/31/2021,Whitman,Truck,0,0,0,8562,8562,0
1/31/2022,Whitman,Truck,0,0,0,8568,8568,0
1/31/2022,Whitman,Passenger,69,58,127,21981,22108,0.57
2/28/2022,Whitman,Truck,0,0,0,8581,8581,0
2/28/2022,Whitman,Passenger,70,56,126,22030,22156,0.57
3/31/2022,Whitman,Passenger,79,54,133,22056,22189,0.6
3/31/2022,Whitman,Truck,0,0,0,8591,8591,0
4/30/2022,Whitman,Passenger,83,56,139,22064,22203,0.63
4/30/2022,Whitman,Truck,0,0,0,8589,8589,0
5/31/2022,Whitman,Truck,0,0,0,8565,8565,0
5/31/2022,Whitman,Passenger,84,58,142,22046,22188,0.64
6/30/2022,Whitman,Truck,1,0,1,8575,8576,0.01
6/30/2022,Whitman,Passenger,87,60,147,22031,22178,0.66
7/31/2022,Whitman,Truck,2,0,2,8574,8576,0.02
7/31/2022,Whitman,Passenger,88,60,148,21985,22133,0.67
8/31/2022,Whitman,Passenger,94,62,156,22026,22182,0.7
8/31/2022,Whitman,Truck,2,0,2,8570,8572,0.02
9/30/2022,Whitman,Truck,2,0,2,8590,8592,0.02
9/30/2022,Whitman,Passenger,96,64,160,22002,22162,0.72
10/31/2022,Whitman,Passenger,103,65,168,21983,22151,0.76
10/31/2022,Whitman,Truck,3,0,3,8606,8609,0.03
11/30/2022,Whitman,Passenger,109,65,174,21984,22158,0.79
11/30/2022,Whitman,Truck,3,0,3,8624,8627,0.03
12/31/2022,Whitman,Truck,3,0,3,8651,8654,0.03
12/31/2022,Whitman,Passenger,110,67,177,21957,22134,0.8
1/31/2023,Whitman,Truck,3,0,3,8629,8632,0.03
1/31/2023,Whitman,Passenger,120,70,190,21980,22170,0.86
2/28/2023,Whitman,Passenger,124,71,195,21962,22157,0.88
2/28/2023,Whitman,Truck,4,0,4,8630,8634,0.05
3/31/2023,Whitman,Passenger,131,72,203,21889,22092,0.92
3/31/2023,Whitman,Truck,4,0,4,8542,8546,0.05
4/30/2023,Whitman,Passenger,138,73,211,21761,21972,0.96
4/30/2023,Whitman,Truck,4,0,4,8486,8490,0.05
5/31/2023,Whitman,Truck,4,0,4,8400,8404,0.05
5/31/2023,Whitman,Passenger,143,75,218,21547,21765,1
1/31/2017,Yakima,Passenger,36,49,85,159938,160023,0.05
1/31/2017,Yakima,Truck,0,0,0,57339,57339,0
2/28/2017,Yakima,Passenger,36,50,86,159135,159221,0.05
2/28/2017,Yakima,Truck,0,0,0,57225,57225,0
3/31/2017,Yakima,Passenger,36,50,86,159236,159322,0.05
3/31/2017,Yakima,Truck,0,0,0,57269,57269,0
4/30/2017,Yakima,Truck,0,0,0,57222,57222,0
4/30/2017,Yakima,Passenger,38,54,92,159291,159383,0.06
5/31/2017,Yakima,Truck,0,0,0,57284,57284,0
5/31/2017,Yakima,Passenger,42,55,97,159382,159479,0.06
6/30/2017,Yakima,Truck,0,0,0,57354,57354,0
6/30/2017,Yakima,Passenger,45,57,102,159409,159511,0.06
7/31/2017,Yakima,Truck,0,0,0,57470,57470,0
7/31/2017,Yakima,Passenger,49,62,111,159662,159773,0.07
8/31/2017,Yakima,Passenger,54,67,121,160154,160275,0.08
8/31/2017,Yakima,Truck,0,0,0,57645,57645,0
9/30/2017,Yakima,Passenger,57,69,126,160624,160750,0.08
9/30/2017,Yakima,Truck,0,0,0,57709,57709,0
10/31/2017,Yakima,Passenger,57,72,129,161011,161140,0.08
10/31/2017,Yakima,Truck,0,0,0,57815,57815,0
11/30/2017,Yakima,Passenger,57,73,130,161629,161759,0.08
11/30/2017,Yakima,Truck,0,0,0,57920,57920,0
12/31/2017,Yakima,Passenger,59,75,134,162075,162209,0.08
12/31/2017,Yakima,Truck,0,0,0,58016,58016,0
1/31/2018,Yakima,Passenger,60,76,136,162514,162650,0.08
1/31/2018,Yakima,Truck,0,0,0,58111,58111,0
2/28/2018,Yakima,Passenger,61,79,140,162336,162476,0.09
2/28/2018,Yakima,Truck,0,0,0,58130,58130,0
3/31/2018,Yakima,Truck,0,0,0,58179,58179,0
3/31/2018,Yakima,Passenger,63,81,144,162827,162971,0.09
4/30/2018,Yakima,Truck,0,0,0,58220,58220,0
4/30/2018,Yakima,Passenger,62,84,146,163240,163386,0.09
5/31/2018,Yakima,Passenger,62,84,146,163649,163795,0.09
5/31/2018,Yakima,Truck,0,0,0,58343,58343,0
6/30/2018,Yakima,Truck,0,0,0,58492,58492,0
6/30/2018,Yakima,Passenger,60,88,148,163784,163932,0.09
7/31/2018,Yakima,Passenger,65,93,158,163971,164129,0.1
7/31/2018,Yakima,Truck,0,0,0,58548,58548,0
8/31/2018,Yakima,Passenger,67,92,159,164214,164373,0.1
8/31/2018,Yakima,Truck,0,0,0,58623,58623,0
9/30/2018,Yakima,Truck,0,0,0,58694,58694,0
9/30/2018,Yakima,Passenger,67,93,160,164246,164406,0.1
10/31/2018,Yakima,Truck,0,0,0,58761,58761,0
10/31/2018,Yakima,Passenger,71,96,167,164427,164594,0.1
11/30/2018,Yakima,Passenger,78,98,176,164690,164866,0.11
11/30/2018,Yakima,Truck,0,0,0,58753,58753,0
12/31/2018,Yakima,Truck,0,0,0,58849,58849,0
12/31/2018,Yakima,Passenger,82,99,181,164769,164950,0.11
1/31/2019,Yakima,Passenger,84,100,184,164937,165121,0.11
1/31/2019,Yakima,Truck,0,0,0,58931,58931,0
2/28/2019,Yakima,Truck,0,0,0,58799,58799,0
2/28/2019,Yakima,Passenger,86,101,187,164469,164656,0.11
3/31/2019,Yakima,Passenger,89,102,191,164208,164399,0.12
3/31/2019,Yakima,Truck,0,0,0,58748,58748,0
4/30/2019,Yakima,Truck,0,0,0,58950,58950,0
4/30/2019,Yakima,Passenger,93,103,196,164619,164815,0.12
5/31/2019,Yakima,Truck,0,0,0,59086,59086,0
5/31/2019,Yakima,Passenger,94,104,198,165015,165213,0.12
6/30/2019,Yakima,Passenger,105,104,209,165148,165357,0.13
6/30/2019,Yakima,Truck,0,0,0,59140,59140,0
7/31/2019,Yakima,Passenger,109,107,216,165399,165615,0.13
7/31/2019,Yakima,Truck,0,0,0,59261,59261,0
8/31/2019,Yakima,Truck,0,0,0,59392,59392,0
8/31/2019,Yakima,Passenger,112,108,220,165637,165857,0.13
9/30/2019,Yakima,Truck,0,0,0,59400,59400,0
9/30/2019,Yakima,Passenger,111,113,224,165660,165884,0.14
10/31/2019,Yakima,Passenger,115,114,229,165910,166139,0.14
10/31/2019,Yakima,Truck,0,0,0,59496,59496,0
11/30/2019,Yakima,Truck,0,0,0,59594,59594,0
11/30/2019,Yakima,Passenger,117,116,233,166002,166235,0.14
12/31/2019,Yakima,Passenger,116,114,230,166301,166531,0.14
12/31/2019,Yakima,Truck,0,0,0,59623,59623,0
1/31/2020,Yakima,Passenger,120,115,235,166252,166487,0.14
1/31/2020,Yakima,Truck,0,0,0,59643,59643,0
2/29/2020,Yakima,Passenger,122,116,238,165964,166202,0.14
2/29/2020,Yakima,Truck,0,0,0,59629,59629,0
3/31/2020,Yakima,Passenger,124,116,240,165843,166083,0.14
3/31/2020,Yakima,Truck,0,0,0,59600,59600,0
4/30/2020,Yakima,Passenger,129,115,244,165268,165512,0.15
4/30/2020,Yakima,Truck,0,0,0,59520,59520,0
5/31/2020,Yakima,Passenger,131,117,248,165025,165273,0.15
5/31/2020,Yakima,Truck,0,0,0,59576,59576,0
6/30/2020,Yakima,Passenger,132,119,251,165359,165610,0.15
6/30/2020,Yakima,Truck,0,0,0,59900,59900,0
7/31/2020,Yakima,Truck,0,0,0,60206,60206,0
7/31/2020,Yakima,Passenger,139,119,258,165781,166039,0.16
8/31/2020,Yakima,Truck,0,0,0,60425,60425,0
8/31/2020,Yakima,Passenger,146,122,268,166137,166405,0.16
9/30/2020,Yakima,Passenger,154,124,278,166504,166782,0.17
9/30/2020,Yakima,Truck,0,0,0,60580,60580,0
10/31/2020,Yakima,Truck,0,0,0,60701,60701,0
10/31/2020,Yakima,Passenger,157,122,279,166898,167177,0.17
11/30/2020,Yakima,Passenger,166,122,288,167023,167311,0.17
11/30/2020,Yakima,Truck,0,0,0,60778,60778,0
12/31/2020,Yakima,Truck,0,0,0,60989,60989,0
12/31/2020,Yakima,Passenger,170,128,298,167307,167605,0.18
1/31/2021,Yakima,Passenger,178,129,307,167582,167889,0.18
1/31/2021,Yakima,Truck,0,0,0,61088,61088,0
2/28/2021,Yakima,Passenger,184,135,319,167519,167838,0.19
2/28/2021,Yakima,Truck,0,0,0,61152,61152,0
3/31/2021,Yakima,Truck,0,0,0,61388,61388,0
3/31/2021,Yakima,Passenger,188,135,323,168245,168568,0.19
4/30/2021,Yakima,Passenger,206,139,345,169236,169581,0.2
4/30/2021,Yakima,Truck,0,0,0,61661,61661,0
5/31/2021,Yakima,Passenger,211,145,356,169317,169673,0.21
5/31/2021,Yakima,Truck,0,0,0,61686,61686,0
6/30/2021,Yakima,Truck,0,0,0,61732,61732,0
6/30/2021,Yakima,Passenger,225,155,380,169351,169731,0.22
7/31/2021,Yakima,Truck,0,0,0,61730,61730,0
7/31/2021,Yakima,Passenger,236,161,397,169327,169724,0.23
8/31/2021,Yakima,Truck,0,0,0,61780,61780,0
8/31/2021,Yakima,Passenger,248,163,411,168929,169340,0.24
9/30/2021,Yakima,Truck,0,0,0,61745,61745,0
9/30/2021,Yakima,Passenger,257,164,421,168980,169401,0.25
10/31/2021,Yakima,Passenger,270,165,435,168856,169291,0.26
10/31/2021,Yakima,Truck,0,0,0,61678,61678,0
11/30/2021,Yakima,Truck,0,0,0,61724,61724,0
11/30/2021,Yakima,Passenger,272,167,439,168668,169107,0.26
12/31/2021,Yakima,Passenger,286,173,459,168792,169251,0.27
12/31/2021,Yakima,Truck,0,0,0,61793,61793,0
1/31/2022,Yakima,Truck,0,0,0,61622,61622,0
1/31/2022,Yakima,Passenger,294,177,471,168315,168786,0.28
2/28/2022,Yakima,Truck,0,0,0,61661,61661,0
2/28/2022,Yakima,Passenger,301,178,479,168041,168520,0.28
3/31/2022,Yakima,Passenger,312,181,493,167728,168221,0.29
3/31/2022,Yakima,Truck,0,0,0,61598,61598,0
4/30/2022,Yakima,Passenger,318,183,501,167446,167947,0.3
4/30/2022,Yakima,Truck,0,0,0,61542,61542,0
5/31/2022,Yakima,Passenger,325,189,514,167125,167639,0.31
5/31/2022,Yakima,Truck,0,0,0,61435,61435,0
6/30/2022,Yakima,Truck,1,0,1,61421,61422,0
6/30/2022,Yakima,Passenger,336,190,526,167081,167607,0.31
7/31/2022,Yakima,Truck,1,0,1,61369,61370,0
7/31/2022,Yakima,Passenger,353,198,551,166752,167303,0.33
8/31/2022,Yakima,Passenger,364,204,568,166604,167172,0.34
8/31/2022,Yakima,Truck,1,0,1,61421,61422,0
9/30/2022,Yakima,Passenger,376,210,586,166600,167186,0.35
9/30/2022,Yakima,Truck,3,0,3,61451,61454,0
10/31/2022,Yakima,Truck,5,0,5,61285,61290,0.01
10/31/2022,Yakima,Passenger,393,214,607,166428,167035,0.36
11/30/2022,Yakima,Passenger,408,218,626,166444,167070,0.37
11/30/2022,Yakima,Truck,6,0,6,61243,61249,0.01
12/31/2022,Yakima,Truck,6,0,6,61150,61156,0.01
12/31/2022,Yakima,Passenger,422,218,640,166299,166939,0.38
1/31/2023,Yakima,Truck,8,0,8,61052,61060,0.01
1/31/2023,Yakima,Passenger,432,228,660,166160,166820,0.4
2/28/2023,Yakima,Passenger,441,239,680,165615,166295,0.41
2/28/2023,Yakima,Truck,9,0,9,60899,60908,0.01
3/31/2023,Yakima,Truck,9,0,9,60587,60596,0.01
3/31/2023,Yakima,Passenger,451,237,688,164705,165393,0.42
4/30/2023,Yakima,Truck,11,0,11,60096,60107,0.02
4/30/2023,Yakima,Passenger,460,241,701,163577,164278,0.43
5/31/2023,Yakima,Passenger,472,246,718,161385,162103,0.44
5/31/2023,Yakima,Truck,12,0,12,59109,59121,0.02
